Belarus  (1707,1744)  (1673,1777)  (1673,1743)  (1740,1778)  (1741,1734)  (1662,1700)  (1696,1700)  (1730,1700)  (1764,1698)  (1706,1811)  (1672,1811)  (1639,1777)  (1639,1743)  (1774,1768)  (1774,1802)  (1740,1812)  (1775,1734)  (1628,1700)  (1628,1666)  (1662,1666)  (1696,1666)  (1730,1666)  (1605,1806)  (1808,1768)  (1808,1802)  (1594,1658)  (1628,1632)  (1662,1632)  (1696,1632)  (1730,1632)  (1586,1624)  (1571,1808)  (1842,1767)  (1842,1801)  (1620,1598)  (1654,1598)  (1688,1598)  (1552,1657)  (1552,1623)  (1586,1590)  (1551,1589)  (1537,1815)  (1537,1781)  (1518,1670)  (1518,1636)  (1517,1602)  (1508,1747)  (1506,1713)  (1503,1837)  (1503,1803)  (1484,1679)  (1474,1769)  (1472,1735)  (1469,1846)  (1469,1812)  (1450,1701)  (1450,1667)  (1440,1778)  (1438,1744)  (1435,1839)  (1416,1710)  (1416,1676)  (1406,1805)  (1404,1771)  (1401,1842)  (1382,1737)
Warsaw  (895,1919)
Yaroslavl  (2498,1085)  (2464,1118)  (2464,1084)  (2531,1119)  (2498,1051)  (2532,1051)  (2532,1085)  (2462,1050)  (2497,1152)  (2463,1152)  (2430,1118)  (2430,1084)  (2565,1119)  (2565,1153)  (2531,1153)  (2429,1153)  (2496,1017)  (2530,1017)  (2564,1017)  (2566,1051)  (2566,1085)  (2598,985)  (2497,1186)  (2463,1186)  (2396,1119)  (2396,1085)  (2599,1119)  (2599,1153)  (2536,1187)  (2429,1187)  (2395,1153)  (2490,983)  (2524,983)  (2558,983)  (2600,1019)  (2600,1053)  (2384,1051)  (2501,1220)  (2467,1220)  (2362,1091)  (2633,1117)  (2633,1151)  (2433,1221)  (2480,949)  (2514,949)  (2548,949)  (2634,990)  (2486,1254)  (2667,1118)  (2452,1255)  (2489,915)  (2523,915)  (2557,915)  (2510,881)  (2544,881)  (2524,847)
Liepaja  (1047,1284)  (1013,1312)  (1013,1278)  (1081,1255)  (1081,1289)  (1011,1244)  (1102,1323)  (979,1312)  (979,1278)  (1115,1246)  (1115,1280)  (1011,1200)  (1136,1314)  (945,1310)  (921,1159)  (955,1158)  (917,1276)  (911,1310)  (890,1242)  (890,1208)  (883,1276)  (877,1329)
Odesa  (1748,2591)  (1714,2624)  (1714,2590)  (1781,2625)  (1748,2557)  (1782,2557)  (1782,2591)  (1712,2556)  (1747,2658)  (1713,2658)  (1680,2624)  (1680,2590)  (1815,2625)  (1815,2659)  (1781,2659)  (1679,2659)  (1746,2523)  (1780,2523)  (1814,2523)  (1816,2557)  (1816,2591)  (1678,2556)  (1678,2522)  (1712,2522)  (1747,2692)  (1713,2692)  (1646,2625)  (1646,2591)  (1849,2625)  (1849,2659)  (1849,2693)  (1815,2693)  (1781,2693)  (1679,2693)  (1645,2693)  (1645,2659)  (1746,2489)  (1780,2489)  (1814,2489)  (1850,2543)  (1850,2577)  (1669,2488)  (1703,2488)  (1747,2726)  (1713,2726)  (1612,2625)  (1612,2591)  (1883,2611)  (1883,2645)  (1883,2679)  (1883,2713)  (1805,2727)  (1679,2727)  (1737,2455)  (1771,2455)  (1805,2455)  (1884,2576)  (1650,2454)  (1684,2454)  (1839,2450)  (1874,2747)  (1706,2761)  (1672,2761)  (1718,2421)  (1752,2421)  (1786,2421)  (1820,2416)  (1772,2387)
Kingisepp  (1555,912)  (1521,945)  (1521,911)  (1588,946)  (1555,878)  (1589,878)  (1589,912)  (1519,877)  (1554,979)  (1520,979)  (1487,945)  (1487,911)  (1622,946)  (1622,980)  (1588,980)  (1486,980)  (1553,844)  (1587,844)  (1623,867)  (1623,901)  (1485,877)  (1507,843)  (1554,1013)  (1520,1013)  (1656,950)  (1591,1014)  (1486,1014)  (1541,810)  (1575,810)  (1507,802)  (1686,984)  (1541,776)  (1720,985)
Sukkozero  (1850,58)  (1816,91)  (1816,57)  (1883,92)  (1850,24)  (1884,24)  (1884,58)  (1814,23)  (1849,125)  (1815,125)  (1782,78)  (1917,92)  (1918,2)  (1918,36)  (1780,44)  (1780,10)  (1950,126)  (1844,159)  (1952,2)  (1746,42)  (1746,8)  (1810,178)  (1983,192)  (1984,120)  (1984,154)  (1844,193)  (1986,2)  (1712,20)  (1810,212)  (2017,192)  (2017,226)  (1983,226)  (2018,154)  (1859,227)  (1949,228)  (1915,237)  (1825,246)  (1791,246)  (2051,210)  (2048,260)  (2014,260)  (1881,261)  (1980,262)  (1946,271)  (1847,280)  (1813,280)  (1779,280)  (2085,232)  (2025,294)  (1912,295)  (1991,296)  (1745,300)  (1957,305)  (1878,314)  (1782,314)  (2110,266)  (2025,328)  (1991,330)
Kiev  (1692,2241)
Sofia  (1216,3242)
Tver  (2192,1132)  (2158,1165)  (2158,1131)  (2225,1166)  (2192,1098)  (2226,1098)  (2226,1132)  (2156,1097)  (2191,1199)  (2157,1199)  (2124,1165)  (2124,1131)  (2259,1166)  (2259,1200)  (2225,1200)  (2123,1200)  (2190,1064)  (2224,1064)  (2258,1064)  (2260,1098)  (2260,1132)  (2122,1097)  (2122,1063)  (2156,1063)  (2292,1032)  (2191,1233)  (2157,1233)  (2090,1166)  (2090,1132)  (2293,1166)  (2293,1200)  (2293,1234)  (2259,1234)  (2225,1234)  (2089,1201)  (2190,1030)  (2224,1030)  (2258,1030)  (2294,1066)  (2294,1100)  (2088,1098)  (2088,1064)  (2149,1029)  (2292,998)  (2191,1267)  (2157,1267)  (2056,1167)  (2056,1133)  (2327,1134)  (2327,1168)  (2327,1202)  (2285,1268)  (2251,1268)  (2224,996)  (2258,996)  (2054,1099)  (2054,1065)  (2292,964)  (2217,1301)  (2183,1301)  (2022,1158)  (2361,1191)  (2020,1124)  (2020,1090)  (2020,1056)  (2375,1225)  (1986,1133)
Stalingrad  (3009,2485)
Gomel  (1598,1943)  (1564,1976)  (1564,1942)  (1631,1977)  (1598,1909)  (1632,1909)  (1632,1943)  (1562,1908)  (1597,2010)  (1563,2010)  (1530,1976)  (1530,1942)  (1665,1977)  (1665,2011)  (1631,2011)  (1529,2011)  (1596,1875)  (1630,1875)  (1664,1875)  (1666,1909)  (1666,1943)  (1528,1908)  (1528,1874)  (1562,1874)  (1698,1857)  (1597,2044)  (1563,2044)  (1496,1977)  (1496,1943)  (1699,1977)  (1699,2011)  (1688,2045)  (1654,2045)  (1529,2045)  (1495,2017)  (1700,1891)  (1700,1925)  (1494,1909)  (1462,1958)  (1733,1959)  (1734,1870)  (1734,1904)  (1460,1924)  (1460,1890)  (1767,1938)  (1767,1972)  (1768,1901)
Latvia  (1298,1242)  (1264,1275)  (1264,1241)  (1331,1276)  (1298,1208)  (1332,1208)  (1332,1242)  (1262,1207)  (1297,1309)  (1263,1309)  (1230,1275)  (1230,1241)  (1365,1276)  (1365,1310)  (1331,1310)  (1229,1310)  (1296,1174)  (1330,1174)  (1364,1174)  (1366,1208)  (1366,1242)  (1228,1207)  (1228,1173)  (1262,1173)  (1398,1163)  (1297,1343)  (1263,1343)  (1196,1268)  (1399,1276)  (1399,1310)  (1399,1344)  (1365,1344)  (1331,1344)  (1229,1344)  (1400,1197)  (1400,1231)  (1194,1234)  (1194,1200)  (1194,1166)  (1228,1139)  (1262,1139)  (1187,1132)  (1297,1377)  (1433,1275)  (1433,1309)  (1433,1343)  (1433,1377)  (1399,1378)  (1365,1378)  (1331,1378)  (1434,1192)  (1160,1210)  (1221,1105)  (1255,1105)  (1165,1098)  (1467,1336)  (1357,1412)
Krakow  (853,2265)  (819,2298)  (819,2264)  (886,2299)  (853,2231)  (887,2231)  (887,2265)  (817,2230)  (852,2332)  (818,2332)  (785,2298)  (785,2264)  (920,2299)  (920,2333)  (886,2333)  (784,2333)  (851,2197)  (885,2197)  (919,2197)  (921,2231)  (921,2265)  (783,2230)  (783,2196)  (817,2196)  (953,2165)  (836,2366)  (751,2299)  (751,2265)  (954,2299)  (954,2333)  (954,2367)  (920,2367)  (802,2367)  (768,2367)  (750,2333)  (955,2199)  (955,2233)  (749,2231)  (749,2197)  (760,2162)  (794,2162)  (828,2162)  (734,2371)  (927,2131)  (961,2131)  (987,2165)  (717,2299)  (717,2265)  (988,2267)  (988,2301)  (970,2401)  (716,2337)  (989,2199)  (989,2233)  (715,2231)  (995,2123)  (684,2197)  (927,2097)  (961,2097)  (1021,2157)  (683,2303)  (683,2269)  (1022,2267)  (682,2343)  (1023,2191)  (1023,2225)  (681,2235)  (995,2089)  (1029,2089)  (1029,2123)  (650,2201)  (933,2063)  (1055,2157)  (649,2309)  (649,2275)  (1057,2191)  (1057,2225)  (647,2241)  (967,2055)  (1001,2055)  (1035,2055)  (615,2298)  (1091,2218)  (1002,2021)  (1036,2021)
Jyvaskyla  (1341,252)  (1307,285)  (1307,251)  (1372,286)  (1341,218)  (1375,218)  (1375,252)  (1305,217)  (1338,319)  (1304,319)  (1372,184)  (1406,184)  (1293,353)  (1388,150)
Kamyshin  (2869,2253)  (2835,2286)  (2835,2252)  (2902,2287)  (2869,2219)  (2903,2219)  (2903,2253)  (2833,2218)  (2868,2320)  (2834,2320)  (2801,2286)  (2801,2252)  (2936,2287)  (2936,2321)  (2902,2321)  (2800,2321)  (2867,2185)  (2901,2185)  (2935,2185)  (2937,2219)  (2937,2253)  (2799,2218)  (2799,2184)  (2833,2184)  (2969,2160)  (2767,2287)  (2767,2253)  (2970,2287)  (2970,2321)  (2970,2355)  (2936,2355)  (2829,2355)  (2795,2355)  (2971,2194)  (2971,2228)  (2765,2219)  (2765,2185)  (2733,2296)  (2733,2262)  (3004,2262)  (3004,2296)  (3004,2330)  (3005,2166)  (3005,2200)  (2731,2228)  (2731,2194)  (3038,2237)
Berlin  (108,1943)
Kouvola  (1382,524)  (1348,557)  (1348,523)  (1415,558)  (1382,490)  (1416,490)  (1416,524)  (1346,489)  (1381,591)  (1347,591)  (1449,558)  (1435,592)  (1313,571)  (1450,497)  (1312,513)  (1312,479)  (1346,455)  (1302,445)  (1483,531)  (1278,506)
Helsinki  (1071,549)
Onege  (3257,2410)  (3223,2443)  (3223,2409)  (3290,2444)  (3257,2376)  (3291,2376)  (3291,2410)  (3221,2375)  (3256,2477)  (3222,2477)  (3189,2443)  (3189,2409)  (3324,2444)  (3324,2478)  (3290,2478)  (3188,2478)  (3255,2342)  (3289,2342)  (3325,2347)  (3325,2381)  (3187,2375)  (3187,2341)  (3221,2341)  (3256,2511)  (3222,2511)  (3155,2444)  (3155,2410)  (3358,2415)  (3358,2449)  (3358,2483)  (3324,2512)  (3290,2512)  (3188,2512)  (3154,2507)  (3255,2308)  (3359,2345)  (3359,2379)  (3153,2376)  (3153,2342)  (3153,2308)  (3187,2307)  (3221,2307)  (3363,2517)  (3388,2278)  (3121,2473)  (3121,2439)  (3392,2413)  (3392,2447)  (3392,2481)  (3120,2518)  (3393,2312)  (3393,2346)  (3119,2405)  (3119,2371)  (3119,2337)  (3119,2303)  (3163,2273)  (3197,2273)  (3231,2273)  (3397,2515)  (3397,2549)  (3422,2245)  (3373,2244)  (3087,2484)  (3087,2450)  (3426,2380)  (3426,2414)  (3426,2448)  (3427,2279)  (3427,2313)  (3085,2416)  (3085,2382)  (3085,2348)  (3085,2314)  (3431,2482)  (3431,2516)  (3431,2550)  (3415,2211)  (3449,2211)  (3456,2245)  (3460,2347)  (3460,2381)  (3460,2415)  (3461,2279)  (3461,2313)  (3051,2434)  (3051,2400)  (3439,2177)
Kursk  (2257,2091)  (2223,2124)  (2223,2090)  (2290,2125)  (2257,2057)  (2291,2057)  (2291,2091)  (2221,2056)  (2256,2158)  (2222,2158)  (2189,2124)  (2189,2090)  (2324,2125)  (2324,2159)  (2290,2159)  (2188,2159)  (2255,2023)  (2289,2023)  (2323,2023)  (2325,2057)  (2325,2091)  (2187,2056)  (2187,2022)  (2221,2022)  (2256,2192)  (2222,2192)  (2155,2125)  (2155,2091)  (2358,2125)  (2358,2159)  (2358,2193)  (2324,2193)  (2290,2193)  (2188,2193)  (2255,1989)  (2289,1989)  (2323,1989)  (2359,2050)  (2359,2084)  (2153,2057)  (2153,2023)  (2214,1988)  (2256,2226)  (2222,2226)  (2121,2111)  (2392,2124)  (2392,2158)  (2392,2192)  (2392,2226)  (2358,2227)  (2301,2227)  (2249,1955)  (2283,1955)  (2317,1955)  (2119,2077)  (2119,2043)  (2119,2009)  (2425,2260)  (2426,2179)  (2426,2213)  (2391,2261)  (2253,1921)  (2287,1921)  (2321,1921)  (2085,2108)  (2085,2074)  (2085,2040)  (2459,2283)  (2275,1887)  (2309,1887)  (2343,1887)  (2283,1853)  (2317,1853)
Czech Republic  (382,2361)  (348,2394)  (348,2360)  (415,2395)  (382,2327)  (416,2327)  (416,2361)  (346,2326)  (381,2428)  (347,2428)  (314,2394)  (314,2360)  (449,2395)  (449,2429)  (415,2429)  (313,2428)  (450,2313)  (450,2347)  (312,2326)  (299,2279)  (333,2279)  (367,2279)  (401,2279)  (280,2394)  (280,2360)  (483,2381)  (483,2415)  (484,2313)  (484,2347)  (267,2428)  (283,2245)  (317,2245)  (351,2245)  (250,2463)  (249,2234)  (246,2394)  (246,2360)  (517,2381)  (517,2415)  (518,2314)  (233,2429)  (283,2211)  (317,2211)  (226,2200)  (216,2473)  (215,2234)  (212,2395)  (212,2361)  (551,2348)  (551,2382)  (199,2439)  (181,2257)  (181,2223)  (178,2405)  (178,2371)  (178,2337)  (585,2333)  (585,2367)  (176,2303)  (147,2269)  (144,2413)  (144,2379)  (144,2345)  (142,2311)  (113,2277)  (110,2380)  (110,2346)  (108,2312)  (79,2278)
Kanash  (3236,1719)  (3202,1752)  (3202,1718)  (3269,1753)  (3236,1685)  (3270,1685)  (3270,1719)  (3200,1684)  (3235,1786)  (3201,1786)  (3168,1752)  (3168,1718)  (3303,1753)  (3303,1787)  (3269,1787)  (3234,1651)  (3268,1651)  (3302,1651)  (3304,1698)  (3188,1650)  (3235,1820)  (3337,1732)  (3337,1766)  (3337,1800)  (3303,1821)  (3269,1821)  (3222,1617)  (3256,1617)  (3290,1617)  (3172,1616)  (3324,1593)  (3235,1854)  (3311,1855)  (3277,1855)  (3206,1583)  (3167,1582)  (3323,1559)  (3243,1888)  (3201,1549)  (3155,1548)  (3324,1518)  (3358,1518)  (3189,1515)  (3149,1514)  (3304,1484)  (3338,1484)  (3223,1483)  (3183,1481)  (3257,1477)  (3148,1456)  (3291,1450)  (3325,1450)  (3217,1449)  (3182,1447)  (3251,1443)  (3139,1422)  (3216,1415)  (3173,1413)  (3250,1409)  (3144,1379)
Romania  (1092,2971)  (1058,3004)  (1058,2970)  (1125,3005)  (1092,2937)  (1126,2937)  (1126,2971)  (1056,2936)  (1091,3038)  (1057,3038)  (1024,3004)  (1024,2970)  (1159,3005)  (1159,3039)  (1125,3039)  (1023,3039)  (1090,2903)  (1124,2903)  (1160,2912)  (1160,2946)  (1022,2936)  (1022,2902)  (1056,2902)  (1091,3072)  (1057,3072)  (990,3005)  (990,2971)  (1193,2980)  (1193,3014)  (1193,3048)  (1159,3073)  (1125,3073)  (1023,3073)  (1090,2869)  (1124,2869)  (1194,2921)  (988,2937)  (988,2903)  (988,2869)  (1022,2868)  (1056,2868)  (1202,3082)  (1091,3106)  (1057,3106)  (956,3000)  (1227,2955)  (1227,2989)  (1227,3023)  (1168,3107)  (1134,3107)  (955,2835)  (1090,2835)  (1124,2835)  (1228,2921)  (954,2966)  (954,2932)  (954,2898)  (989,2834)  (1023,2834)  (1236,3057)  (1236,3091)  (1202,3116)  (1245,3125)  (1158,2811)  (1251,2811)  (922,3007)  (1261,2955)  (1261,2989)  (1261,3023)  (921,2864)  (921,2830)  (955,2801)  (1057,2801)  (1091,2801)  (1262,2894)  (920,2973)  (920,2939)  (920,2905)  (989,2800)  (1023,2800)  (1192,2800)  (916,2796)  (1270,3057)  (1270,3091)  (1285,2778)  (1285,2812)  (1125,2777)  (1226,2777)  (1295,2928)  (1295,2962)  (1295,2996)  (887,2871)  (887,2837)  (950,2767)  (1057,2767)  (1091,2767)  (1296,2877)  (886,2936)  (984,2766)  (1018,2766)  (1159,2766)  (882,2803)  (896,2762)  (1304,3030)  (1304,3064)  (1260,2744)  (1294,2744)  (1319,2778)  (1319,2812)  (1125,2743)  (1193,2743)  (1328,2735)  (1329,2911)  (1329,2945)  (1329,2979)  (853,2902)  (853,2868)  (930,2733)  (1052,2733)  (1086,2733)  (1330,2877)  (964,2732)  (998,2732)  (1159,2732)  (848,2834)  (1338,3013)  (1338,3047)  (1227,2710)  (1261,2710)  (1353,2769)  (1353,2803)  (1353,2837)  (1120,2709)  (1193,2709)  (1295,2701)  (1329,2701)  (1362,2735)  (1363,2700)  (1363,2911)  (1363,2945)  (1363,2979)  (1032,2699)  (1066,2699)  (1364,2877)  (931,2698)  (965,2698)  (1154,2698)  (814,2851)  (1372,3013)  (1372,3047)  (1227,2676)  (1261,2676)  (1387,2769)  (1387,2803)  (1387,2837)  (1100,2675)  (1188,2675)  (1295,2667)  (1329,2667)  (1396,2734)  (1363,2666)  (1397,2666)  (1397,2700)  (1397,2911)  (1397,2945)  (1397,2979)  (999,2665)  (1033,2665)  (1398,2877)  (945,2664)  (1134,2664)  (1406,3013)  (1406,3047)  (1222,2642)  (1256,2642)  (1421,2768)  (1421,2802)  (1421,2836)  (1067,2641)  (1168,2641)  (1423,3081)  (1290,2633)  (1324,2633)  (1430,2734)  (1358,2632)  (1431,2911)  (1431,2945)  (1431,2979)  (980,2631)  (1014,2631)  (1432,2877)  (1101,2630)  (1440,3013)  (1440,3047)  (1455,2768)  (1455,2802)  (1455,2836)  (1048,2607)  (1457,3081)  (1324,2599)  (1358,2598)  (1465,2930)  (1465,2964)  (1474,2998)  (1474,3032)  (1491,3066)  (1491,3100)  (1499,2963)  (1508,2997)  (1508,3031)  (1542,2968)  (1542,3002)  (1576,2956)
Minsk  (1570,1720)
Donetsk  (2258,2630)  (2224,2663)  (2224,2629)  (2291,2664)  (2258,2596)  (2292,2596)  (2292,2630)  (2222,2595)  (2257,2697)  (2223,2697)  (2190,2663)  (2190,2629)  (2325,2664)  (2313,2698)  (2189,2698)  (2256,2562)  (2326,2573)  (2326,2607)  (2188,2595)  (2188,2561)  (2222,2561)  (2229,2731)  (2156,2651)  (2359,2641)  (2359,2675)  (2195,2732)  (2161,2732)  (2360,2576)  (2178,2527)  (2212,2527)  (2246,2527)  (2142,2507)  (2393,2610)  (2176,2493)  (2108,2489)  (2142,2473)  (2427,2581)  (2082,2455)
Moscow  (2346,1439)
Zhytomyr  (1546,2210)  (1512,2243)  (1512,2209)  (1579,2244)  (1546,2176)  (1580,2176)  (1580,2210)  (1510,2175)  (1545,2277)  (1511,2277)  (1478,2243)  (1478,2209)  (1613,2244)  (1613,2278)  (1579,2278)  (1477,2278)  (1544,2142)  (1578,2142)  (1612,2142)  (1614,2176)  (1614,2210)  (1476,2175)  (1476,2141)  (1510,2141)  (1646,2114)  (1518,2311)  (1444,2244)  (1444,2210)  (1647,2288)  (1613,2312)  (1579,2312)  (1484,2312)  (1559,2108)  (1648,2148)  (1648,2182)  (1442,2176)  (1442,2142)  (1470,2107)  (1504,2107)  (1657,2322)  (1691,2302)  (1691,2336)  (1657,2356)  (1705,2370)  (1725,2323)
Bucuresti  (1199,2862)
Navapolatsk  (1461,1500)  (1427,1533)  (1427,1499)  (1494,1534)  (1461,1466)  (1495,1466)  (1495,1500)  (1425,1465)  (1460,1567)  (1426,1567)  (1393,1533)  (1393,1499)  (1528,1534)  (1392,1568)  (1459,1432)  (1493,1432)  (1527,1432)  (1529,1466)  (1529,1500)  (1391,1465)  (1561,1420)  (1562,1534)  (1414,1602)  (1380,1602)  (1358,1568)  (1563,1454)  (1563,1488)  (1346,1614)  (1596,1522)  (1324,1580)  (1597,1461)  (1352,1648)  (1318,1648)  (1312,1614)  (1630,1495)  (1630,1529)  (1631,1454)  (1284,1673)  (1360,1682)  (1326,1682)  (1664,1488)  (1664,1522)  (1665,1444)  (1698,1478)  (1698,1512)  (1699,1546)
Praha  (235,2293)
Saratov  (2985,2044)  (2951,2077)  (2951,2043)  (3018,2078)  (2985,2010)  (3019,2010)  (3019,2044)  (2949,2009)  (2984,2111)  (2950,2111)  (2917,2077)  (2917,2043)  (3052,2078)  (3052,2112)  (3018,2112)  (2916,2112)  (2983,1976)  (3040,1976)  (3053,2010)  (3053,2044)  (2915,2009)  (3074,1972)  (2883,2078)  (2883,2044)  (3086,2078)  (3068,2146)  (2882,2130)  (3087,2006)  (3087,2040)  (2881,2010)  (3108,1972)  (2849,2096)  (2849,2062)  (3121,2006)  (2847,2028)  (2847,1994)  (3142,1946)  (3155,1980)  (3155,2014)  (3176,1946)  (3189,1980)  (3189,2014)  (3223,1951)  (3223,1985)  (3257,1948)
Ruza  (2345,1533)  (2311,1516)  (2345,1499)  (2379,1499)  (2379,1533)  (2293,1482)  (2398,1567)  (2405,1465)  (2413,1499)  (2413,1533)  (2259,1489)  (2259,1455)  (2432,1567)  (2439,1455)  (2447,1489)  (2447,1523)  (2232,1421)  (2266,1421)  (2407,1421)  (2225,1489)  (2225,1455)  (2466,1557)  (2466,1591)  (2473,1455)  (2481,1489)  (2481,1523)  (2300,1388)  (2198,1421)  (2198,1387)  (2232,1387)  (2266,1387)  (2390,1387)  (2191,1493)  (2191,1459)  (2334,1378)  (2515,1456)  (2515,1490)  (2515,1524)  (2300,1354)  (2164,1425)  (2164,1391)  (2170,1353)  (2229,1353)  (2263,1353)  (2368,1353)  (2157,1493)  (2157,1459)  (2334,1344)  (2549,1491)  (2368,1319)  (2320,1310)  (2354,1285)
Rostov  (2658,2525)
Peno  (1903,1244)
Riga  (950,1218)
Aybas  (3352,2675)  (3318,2708)  (3318,2674)  (3385,2709)  (3352,2641)  (3386,2641)  (3386,2675)  (3316,2640)  (3351,2742)  (3317,2742)  (3284,2708)  (3284,2674)  (3419,2709)  (3419,2743)  (3385,2743)  (3350,2607)  (3384,2607)  (3418,2607)  (3420,2641)  (3420,2675)  (3282,2640)  (3282,2606)  (3316,2606)  (3452,2597)  (3351,2776)  (3317,2776)  (3250,2684)  (3453,2709)  (3453,2743)  (3401,2777)  (3454,2631)  (3454,2665)  (3248,2650)  (3248,2616)  (3248,2582)  (3367,2810)  (3333,2810)  (3214,2638)  (3214,2604)  (3214,2570)  (3350,2844)  (3180,2602)  (3180,2568)
Ivanovo  (2673,1301)  (2639,1334)  (2639,1300)  (2706,1335)  (2673,1267)  (2707,1267)  (2707,1301)  (2637,1266)  (2672,1368)  (2638,1368)  (2605,1334)  (2605,1300)  (2740,1335)  (2740,1369)  (2706,1369)  (2604,1369)  (2671,1233)  (2705,1233)  (2739,1233)  (2741,1267)  (2741,1301)  (2603,1266)  (2603,1232)  (2637,1232)  (2773,1201)  (2672,1402)  (2638,1402)  (2571,1335)  (2571,1301)  (2774,1335)  (2774,1369)  (2764,1403)  (2730,1403)  (2604,1403)  (2570,1403)  (2570,1369)  (2671,1199)  (2705,1199)  (2739,1199)  (2775,1235)  (2775,1269)  (2569,1267)  (2569,1233)  (2637,1198)  (2773,1167)  (2807,1182)  (2696,1436)  (2662,1436)  (2537,1335)  (2537,1301)  (2808,1303)  (2808,1337)  (2735,1437)  (2628,1437)  (2594,1437)  (2536,1405)  (2536,1371)  (2721,1165)  (2809,1216)  (2809,1250)  (2535,1267)  (2701,1470)  (2667,1470)  (2503,1337)  (2842,1308)  (2842,1342)  (2633,1471)  (2599,1471)  (2502,1396)  (2715,1504)  (2681,1504)  (2469,1362)  (2469,1328)
Lipetsk  (2735,1935)  (2701,1968)  (2701,1934)  (2768,1969)  (2769,1927)  (2692,1893)  (2726,1893)  (2760,1893)  (2794,1882)  (2734,2002)  (2700,2002)  (2667,1968)  (2802,1961)  (2792,2003)  (2666,2003)  (2803,1927)  (2658,1865)  (2692,1859)  (2726,1859)  (2760,1859)  (2758,2036)  (2632,2006)  (2632,1972)  (2630,1831)  (2664,1825)  (2698,1825)  (2732,1825)  (2598,2003)  (2596,1850)  (2703,1791)  (2737,1791)  (2577,1969)  (2562,1860)  (2554,1826)  (2547,1935)  (2547,1901)  (2545,2003)  (2543,1969)  (2528,1867)  (2520,1833)  (2513,1935)  (2513,1901)  (2509,1984)  (2494,1867)  (2486,1833)  (2479,1950)  (2479,1916)  (2475,1985)  (2460,1882)  (2445,1951)  (2445,1917)  (2434,1985)  (2411,1951)  (2411,1917)  (2400,1994)
Sevastopol  (2037,2931)
Astrakhan  (3101,2795)  (3067,2828)  (3067,2794)  (3134,2829)  (3101,2761)  (3135,2761)  (3135,2795)  (3065,2760)  (3100,2862)  (3066,2862)  (3033,2828)  (3033,2794)  (3168,2829)  (3168,2863)  (3134,2863)  (3032,2863)  (3099,2727)  (3133,2727)  (3167,2727)  (3169,2761)  (3169,2795)  (3031,2760)  (3031,2726)  (3065,2726)  (3201,2724)  (3100,2896)  (3066,2896)  (2999,2829)  (2999,2795)  (3202,2829)  (3202,2863)  (3202,2897)  (3168,2897)  (3134,2897)  (3032,2897)  (2998,2897)  (2998,2863)  (3099,2693)  (3133,2693)  (3167,2693)  (3203,2758)  (3203,2792)  (2997,2761)  (2997,2727)  (2997,2693)  (3031,2692)  (3065,2692)  (3100,2930)  (3066,2930)  (2965,2829)  (2965,2795)  (3236,2826)  (3236,2860)  (3236,2894)  (3221,2931)  (3187,2931)  (3153,2931)  (2964,2882)  (2972,2659)  (3237,2760)  (2963,2761)  (3006,2658)  (3040,2658)  (3074,2658)  (3119,2964)  (2931,2840)  (3270,2855)  (3270,2889)  (3206,2965)  (3172,2965)  (2945,2625)  (2979,2624)  (3013,2624)  (3047,2624)  (3019,2590)
Rome  (64,3234)
Slovenia  (255,2846)  (221,2879)  (221,2845)  (288,2880)  (269,2812)  (289,2846)  (215,2811)  (303,2798)  (187,2865)  (323,2832)  (181,2831)  (337,2782)  (371,2778)
Hiiumaa  (1095,918)  (1119,952)  (1077,884)  (1111,884)  (1114,986)  (1008,974)  (974,1001)  (940,1005)
Kotel  (2895,2436)  (2861,2469)  (2861,2435)  (2928,2470)  (2895,2402)  (2929,2402)  (2929,2436)  (2859,2401)  (2827,2447)  (2953,2504)  (2963,2399)  (2963,2433)  (2825,2413)  (2822,2508)  (2919,2515)  (2791,2409)  (2802,2542)  (2937,2549)  (2903,2549)  (2992,2550)  (2916,2583)  (2882,2583)  (2878,2617)
Austria  (153,2706)  (119,2739)  (119,2705)  (186,2740)  (153,2672)  (187,2672)  (187,2706)  (117,2671)  (85,2748)  (85,2714)  (220,2740)  (151,2638)  (185,2638)  (219,2638)  (221,2672)  (221,2706)  (83,2680)  (51,2716)  (254,2740)  (121,2604)  (155,2604)  (189,2604)  (255,2683)  (49,2682)  (223,2597)  (288,2717)  (118,2570)  (152,2570)  (186,2570)  (15,2688)  (220,2563)  (254,2563)  (288,2563)  (310,2683)  (322,2537)  (322,2717)  (162,2536)  (325,2571)  (196,2529)  (230,2529)  (264,2529)  (343,2605)  (343,2642)  (344,2676)  (298,2503)  (332,2503)  (356,2537)  (356,2710)  (359,2571)  (366,2497)  (377,2605)  (377,2641)  (378,2675)  (303,2469)  (390,2531)  (393,2565)  (411,2599)  (424,2500)  (427,2534)  (445,2568)
Vyborg  (1619,607)  (1585,640)  (1585,606)  (1652,641)  (1619,573)  (1653,573)  (1653,607)  (1583,572)  (1551,636)  (1686,641)  (1686,675)  (1617,539)  (1651,539)  (1549,557)  (1583,538)  (1720,675)  (1720,709)  (1686,709)  (1606,738)  (1681,743)  (1647,746)  (1758,744)  (1789,778)  (1658,780)  (1624,780)  (1801,744)  (1812,700)  (1823,778)  (1658,814)  (1835,734)  (1770,843)  (1857,768)  (1869,703)  (1691,858)  (1736,859)  (1873,815)  (1891,737)  (1891,771)  (1702,892)
Tikhvin  (2022,664)  (1988,697)  (1988,663)  (2055,698)  (2022,630)  (2056,630)  (2056,664)  (1986,629)  (2021,731)  (1987,731)  (1954,697)  (1954,663)  (2089,698)  (2089,732)  (2055,732)  (1953,732)  (2020,596)  (2054,596)  (2088,596)  (2090,630)  (2090,664)  (1952,629)  (1952,595)  (1986,595)  (2021,765)  (1987,765)  (1920,667)  (2123,729)  (2123,763)  (2089,766)  (2055,766)  (2020,562)  (2054,562)  (2088,562)  (1973,561)  (2122,532)  (2021,799)  (2118,800)  (2084,800)  (2027,528)  (2061,528)  (2095,498)  (2050,833)
Rivne  (1254,2140)
Ryazan  (2610,1651)  (2576,1684)  (2576,1650)  (2643,1685)  (2610,1617)  (2644,1617)  (2644,1651)  (2574,1616)  (2609,1718)  (2575,1718)  (2542,1684)  (2542,1650)  (2677,1685)  (2677,1719)  (2643,1719)  (2541,1719)  (2608,1583)  (2642,1583)  (2676,1583)  (2678,1617)  (2678,1651)  (2540,1616)  (2540,1582)  (2574,1582)  (2710,1565)  (2609,1752)  (2575,1752)  (2508,1685)  (2508,1651)  (2711,1685)  (2711,1719)  (2668,1753)  (2541,1753)  (2507,1753)  (2507,1719)  (2608,1549)  (2642,1549)  (2712,1599)  (2712,1633)  (2566,1548)  (2582,1786)  (2474,1685)  (2745,1700)  (2473,1725)  (2746,1583)  (2746,1617)  (2746,1651)
Dnipropetrovsk  (2122,2566)
Hungary  (544,2745)  (510,2778)  (510,2744)  (577,2779)  (544,2711)  (578,2711)  (578,2745)  (508,2710)  (543,2812)  (509,2812)  (476,2778)  (476,2744)  (611,2779)  (611,2813)  (577,2813)  (542,2677)  (576,2677)  (610,2677)  (612,2711)  (612,2745)  (474,2710)  (474,2676)  (508,2676)  (442,2764)  (645,2779)  (645,2813)  (602,2847)  (568,2847)  (542,2643)  (576,2643)  (610,2643)  (440,2730)  (440,2696)  (481,2642)  (644,2630)  (678,2611)  (679,2749)  (679,2783)  (712,2580)  (712,2614)  (713,2744)  (713,2778)  (729,2648)  (735,2707)  (746,2580)  (746,2614)  (747,2741)  (747,2775)  (747,2809)  (763,2648)  (769,2706)  (780,2564)  (780,2598)  (781,2740)  (781,2774)  (781,2808)  (797,2632)  (797,2666)  (803,2530)  (803,2706)  (814,2564)  (814,2598)  (815,2740)  (815,2774)  (831,2632)  (831,2666)  (837,2530)  (837,2706)  (848,2564)  (848,2598)  (849,2740)  (865,2632)  (865,2666)  (871,2706)  (882,2554)  (882,2588)  (899,2622)  (916,2554)  (916,2588)  (950,2568)
Lugansk  (2442,2451)  (2408,2484)  (2408,2450)  (2475,2485)  (2442,2417)  (2476,2417)  (2476,2451)  (2406,2416)  (2441,2518)  (2407,2518)  (2374,2484)  (2374,2450)  (2509,2485)  (2509,2519)  (2475,2519)  (2373,2519)  (2440,2383)  (2474,2383)  (2508,2383)  (2510,2417)  (2510,2451)  (2389,2382)  (2340,2485)  (2528,2553)  (2494,2553)  (2339,2534)  (2423,2349)  (2544,2385)  (2306,2500)
Gdansk  (454,1798)  (420,1831)  (420,1797)  (487,1832)  (454,1764)  (488,1764)  (488,1798)  (418,1763)  (453,1865)  (419,1865)  (386,1831)  (386,1797)  (521,1832)  (521,1866)  (487,1866)  (385,1866)  (452,1730)  (486,1730)  (520,1730)  (522,1764)  (522,1798)  (384,1763)  (384,1729)  (418,1729)  (554,1698)  (453,1899)  (419,1899)  (352,1832)  (352,1798)  (555,1832)  (555,1866)  (555,1900)  (385,1900)  (351,1900)  (351,1866)  (452,1696)  (486,1696)  (520,1696)  (556,1732)  (556,1766)  (350,1764)  (350,1730)  (386,1695)  (554,1664)  (588,1664)  (588,1698)  (318,1832)  (318,1798)  (589,1800)  (589,1834)  (589,1868)  (589,1902)  (380,1934)  (346,1934)  (317,1900)  (317,1866)  (430,1662)  (464,1662)  (498,1662)  (590,1732)  (590,1766)  (316,1764)  (316,1730)  (312,1939)  (532,1630)  (566,1630)  (622,1676)  (284,1832)  (284,1798)  (623,1800)  (623,1834)  (623,1868)  (623,1902)  (283,1905)  (283,1871)  (491,1628)  (624,1710)  (624,1744)  (282,1764)  (282,1730)  (344,1973)  (310,1973)  (278,1939)  (639,1936)  (657,1826)  (657,1860)  (657,1894)  (249,1892)  (249,1858)  (658,1725)  (248,1785)  (248,1751)  (345,2007)  (311,2007)  (347,2041)  (313,2041)  (279,2041)  (303,2075)
Cherepovets  (2213,644)  (2179,677)  (2179,643)  (2246,678)  (2213,610)  (2247,610)  (2247,644)  (2177,609)  (2212,711)  (2178,711)  (2145,677)  (2280,678)  (2280,712)  (2246,712)  (2211,576)  (2245,576)  (2279,576)  (2281,610)  (2148,575)  (2313,544)  (2212,745)  (2314,715)  (2215,542)  (2249,542)  (2315,578)  (2327,749)  (2283,510)  (2317,510)  (2347,544)  (2215,779)  (2181,779)  (2349,578)  (2351,506)  (2361,720)  (2361,754)  (2378,810)  (2344,810)  (2256,476)  (2290,476)  (2215,813)  (2181,813)  (2383,554)  (2383,588)  (2324,472)  (2395,763)  (2411,622)  (2412,810)  (2412,844)  (2378,844)  (2344,844)  (2268,442)  (2234,847)  (2200,847)  (2166,847)  (2417,583)  (2310,851)  (2276,854)  (2429,767)  (2132,861)  (2438,656)  (2446,810)  (2446,844)  (2446,878)  (2412,878)  (2242,881)  (2208,881)  (2174,881)  (2322,885)  (2288,888)  (2480,810)  (2252,915)  (2218,915)  (2334,926)
Groznyy  (3130,3182)  (3096,3215)  (3096,3181)  (3163,3216)  (3130,3148)  (3164,3148)  (3164,3182)  (3094,3147)  (3129,3249)  (3095,3249)  (3062,3215)  (3062,3181)  (3197,3216)  (3197,3250)  (3163,3250)  (3061,3250)  (3128,3114)  (3162,3114)  (3196,3114)  (3198,3148)  (3198,3182)  (3060,3147)  (3079,3113)  (3129,3283)  (3231,3260)  (3197,3284)  (3163,3284)  (3113,3080)  (3147,3080)  (3181,3080)  (3079,3079)  (3241,3294)  (3113,3046)  (3147,3046)  (3075,3045)  (3109,3012)  (3143,3012)
Poland  (990,1863)  (956,1896)  (956,1862)  (1023,1897)  (990,1829)  (1024,1829)  (1024,1863)  (954,1828)  (922,1863)  (1057,1897)  (988,1795)  (1022,1795)  (1056,1795)  (1058,1829)  (1058,1863)  (920,1829)  (1027,1939)  (993,1939)  (959,1939)  (1006,1761)  (1040,1761)  (886,1862)  (886,1828)  (999,1973)  (965,1973)  (931,1979)  (897,1983)  (863,1989)  (1011,1727)  (852,1870)  (852,1836)  (836,1955)  (834,1921)  (895,2023)  (861,2023)  (829,1989)  (827,2025)  (1001,1693)  (818,1887)  (818,1853)  (802,1955)  (800,1921)  (873,2057)  (795,1991)  (839,2059)  (784,1887)  (768,1957)  (766,1923)  (873,2091)  (839,2093)  (750,1889)  (732,1955)  (886,2125)  (716,1921)
Kaunas  (1146,1573)
Bulgaria  (1094,3239)  (1060,3272)  (1060,3238)  (1127,3273)  (1094,3205)  (1128,3205)  (1128,3239)  (1058,3204)  (1093,3306)  (1059,3306)  (1026,3272)  (1026,3238)  (1161,3273)  (1161,3307)  (1127,3307)  (1025,3307)  (1092,3171)  (1126,3171)  (1160,3171)  (1162,3205)  (1024,3188)  (1058,3170)  (1008,3154)  (1194,3164)  (992,3273)  (1195,3304)  (1228,3173)  (1229,3304)  (1262,3168)  (1263,3296)  (1273,3202)  (1280,3261)  (1296,3147)  (1297,3295)  (1307,3181)  (1307,3215)  (1314,3260)  (1330,3123)  (1331,3294)  (1341,3157)  (1341,3191)  (1341,3225)  (1348,3260)  (1364,3119)  (1365,3294)  (1375,3153)  (1375,3187)  (1375,3221)  (1382,3260)  (1399,3294)  (1409,3123)  (1409,3157)  (1409,3191)  (1409,3225)  (1416,3260)  (1443,3129)  (1443,3163)  (1443,3197)  (1477,3157)
RussiaFull  (2942,617)  (2908,650)  (2908,616)  (2975,651)  (2942,583)  (2976,583)  (2976,617)  (2906,582)  (2941,684)  (2907,684)  (2874,650)  (2874,616)  (3009,651)  (3009,685)  (2975,685)  (2873,685)  (2940,549)  (2974,549)  (3008,549)  (3010,583)  (3010,617)  (2872,582)  (2872,548)  (2906,548)  (3042,517)  (2941,718)  (2907,718)  (2840,651)  (2840,617)  (3043,651)  (3043,685)  (3043,719)  (3009,719)  (2975,719)  (2873,719)  (2839,719)  (2839,685)  (2940,515)  (2974,515)  (3008,515)  (3044,551)  (3044,585)  (2838,583)  (2838,549)  (2838,515)  (2872,514)  (2906,514)  (3042,483)  (3076,483)  (3076,517)  (2941,752)  (2907,752)  (2806,651)  (2806,617)  (3077,619)  (3077,653)  (3077,687)  (3077,721)  (3043,753)  (3009,753)  (2975,753)  (2873,753)  (2839,753)  (2805,753)  (2805,719)  (2805,685)  (2805,481)  (2940,481)  (2974,481)  (3008,481)  (3078,551)  (3078,585)  (2804,583)  (2804,549)  (2804,515)  (2839,480)  (2873,480)  (3079,755)  (3042,449)  (3076,449)  (3110,449)  (3110,483)  (3110,517)  (2941,786)  (2907,786)  (2772,651)  (2772,617)  (3111,619)  (3111,653)  (3111,687)  (3111,721)  (3045,787)  (3011,787)  (2977,787)  (2873,787)  (2839,787)  (2805,787)  (2771,787)  (2771,753)  (2771,719)  (2771,685)  (2771,481)  (2771,447)  (2805,447)  (2907,447)  (2941,447)  (2975,447)  (3112,551)  (3112,585)  (2770,583)  (2770,549)  (2770,515)  (2839,446)  (2873,446)  (3113,755)  (3113,789)  (3079,789)  (3009,415)  (3043,415)  (3077,415)  (3111,415)  (3144,449)  (3144,483)  (3144,517)  (2943,820)  (2909,820)  (2738,651)  (2738,617)  (3145,414)  (3145,619)  (3145,653)  (3145,687)  (3145,721)  (3045,821)  (3011,821)  (2977,821)  (2875,821)  (2841,821)  (2807,821)  (2773,821)  (2739,821)  (2737,787)  (2737,753)  (2737,719)  (2737,685)  (2737,481)  (2737,447)  (2737,413)  (2771,413)  (2805,413)  (2907,413)  (2941,413)  (2975,413)  (3146,551)  (3146,585)  (2736,583)  (2736,549)  (2736,515)  (2839,412)  (2873,412)  (3147,755)  (3147,789)  (3147,823)  (3113,823)  (3079,823)  (2705,853)  (3009,381)  (3043,381)  (3077,381)  (3111,381)  (3178,448)  (3178,482)  (3178,516)  (2943,854)  (2909,854)  (2704,651)  (2704,617)  (3145,380)  (3179,380)  (3179,414)  (3179,619)  (3179,653)  (3179,687)  (3179,721)  (3045,855)  (3011,855)  (2977,855)  (2875,855)  (2841,855)  (2807,855)  (2773,855)  (2739,855)  (2703,819)  (2703,785)  (2703,751)  (2703,717)  (2703,481)  (2703,447)  (2703,413)  (2703,379)  (2737,379)  (2771,379)  (2805,379)  (2907,379)  (2941,379)  (2975,379)  (3180,550)  (3180,584)  (2702,583)  (2702,549)  (2702,515)  (2839,378)  (2873,378)  (3181,755)  (3181,789)  (3181,823)  (3181,857)  (3147,857)  (3113,857)  (3079,857)  (2705,887)  (2671,887)  (2671,853)  (3009,347)  (3043,347)  (3077,347)  (3111,347)  (3212,448)  (3212,482)  (3212,516)  (2943,888)  (2909,888)  (2670,683)  (2670,649)  (3145,346)  (3179,346)  (3213,346)  (3213,380)  (3213,414)  (3213,618)  (3213,652)  (3213,686)  (3213,720)  (3045,889)  (3011,889)  (2977,889)  (2875,889)  (2841,889)  (2807,889)  (2773,889)  (2739,889)  (2669,819)  (2669,785)  (2669,751)  (2669,717)  (2669,481)  (2669,447)  (2669,413)  (2669,379)  (2669,345)  (2703,345)  (2737,345)  (2771,345)  (2805,345)  (2907,345)  (2941,345)  (2975,345)  (3214,550)  (3214,584)  (2668,615)  (2668,581)  (2668,547)  (2839,344)  (2873,344)  (3215,754)  (3215,788)  (3215,822)  (3215,856)  (3215,890)  (3181,891)  (3147,891)  (3113,891)  (3079,891)  (2705,921)  (2671,921)  (2637,921)  (2637,887)  (2637,853)  (3009,313)  (3043,313)  (3077,313)  (3111,313)  (3246,448)  (3246,482)  (3246,516)  (2943,922)  (2909,922)  (2636,683)  (2636,649)  (3145,312)  (3179,312)  (3213,312)  (3247,312)  (3247,346)  (3247,380)  (3247,414)  (3247,618)  (3247,652)  (3247,686)  (3247,720)  (3045,923)  (3011,923)  (2977,923)  (2875,923)  (2841,923)  (2807,923)  (2773,923)  (2739,923)  (2635,819)  (2635,785)  (2635,751)  (2635,717)  (2635,513)  (2635,479)  (2635,445)  (2635,411)  (2635,377)  (2635,343)  (2669,311)  (2703,311)  (2737,311)  (2771,311)  (2805,311)  (2907,311)  (2941,311)  (2975,311)  (3248,550)  (3248,584)  (3248,924)  (2634,615)  (2634,581)  (2634,547)  (2839,310)  (2873,310)  (3249,754)  (3249,788)  (3249,822)  (3249,856)  (3249,890)  (3214,925)  (3180,925)  (3146,925)  (3112,925)  (2633,309)  (2705,955)  (2671,955)  (3009,279)  (3043,279)  (3077,279)  (3111,279)  (3280,448)  (3280,482)  (3280,516)  (2943,956)  (2909,956)  (2602,683)  (2602,649)  (3145,278)  (3179,278)  (3213,278)  (3247,278)  (3281,278)  (3281,312)  (3281,346)  (3281,380)  (3281,414)  (3281,618)  (3281,652)  (3281,686)  (3281,720)  (3078,957)  (3044,957)  (3010,957)  (2875,957)  (2841,957)  (2807,957)  (2773,957)  (2739,957)  (2601,847)  (2601,813)  (2601,779)  (2601,745)  (2601,513)  (2601,479)  (2601,445)  (2601,411)  (2601,377)  (2601,343)  (2667,277)  (2701,277)  (2735,277)  (2769,277)  (2803,277)  (2907,277)  (2941,277)  (2975,277)  (3282,550)  (3282,584)  (3282,924)  (3282,958)  (3248,958)  (2600,615)  (2600,581)  (2600,547)  (2837,276)  (2871,276)  (3283,754)  (3283,788)  (3283,822)  (3283,856)  (3283,890)  (3214,959)  (3180,959)  (3146,959)  (3112,959)  (2599,309)  (2599,275)  (2633,275)  (2705,989)  (3009,245)  (3043,245)  (3077,245)  (3111,245)  (3314,448)  (3314,482)  (3314,516)  (2976,990)  (2942,990)  (2568,711)  (2568,677)  (3145,244)  (3179,244)  (3213,244)  (3247,244)  (3281,244)  (3315,244)  (3315,278)  (3315,312)  (3315,346)  (3315,380)  (3315,414)  (3315,618)  (3315,652)  (3315,686)  (3315,720)  (3078,991)  (3044,991)  (3010,991)  (2908,991)  (2874,991)  (2840,991)  (2806,991)  (2772,991)  (2567,810)  (2567,776)  (2567,513)  (2567,479)  (2567,445)  (2567,411)  (2567,377)  (2567,343)  (2667,243)  (2701,243)  (2735,243)  (2769,243)  (2803,243)  (2905,243)  (2939,243)  (2973,243)  (3316,550)  (3316,584)  (3316,924)  (3316,958)  (3316,992)  (3282,992)  (3248,992)  (2566,643)  (2566,609)  (2566,575)  (2837,242)  (2871,242)  (3317,754)  (3317,788)  (3317,822)  (3317,856)  (3317,890)  (3214,993)  (3180,993)  (3146,993)  (3112,993)  (2565,309)  (2565,275)  (2565,241)  (2599,241)  (2633,241)  (2738,1023)  (2704,1023)  (3007,211)  (3041,211)  (3075,211)  (3109,211)  (3348,448)  (3348,482)  (3348,516)  (2976,1024)  (2942,1024)  (2534,742)  (2534,708)  (3143,210)  (3177,210)  (3211,210)  (3245,210)  (3279,210)  (3313,210)  (3347,210)  (3349,244)  (3349,278)  (3349,312)  (3349,346)  (3349,380)  (3349,414)  (3349,618)  (3349,652)  (3349,686)  (3349,720)  (3078,1025)  (3044,1025)  (3010,1025)  (2908,1025)  (2874,1025)  (2840,1025)  (2806,1025)  (2772,1025)  (2533,541)  (2533,507)  (2533,473)  (2533,439)  (2533,405)  (2533,371)  (2667,209)  (2701,209)  (2735,209)  (2769,209)  (2803,209)  (2905,209)  (2939,209)  (2973,209)  (3350,550)  (3350,584)  (3350,924)  (3350,958)  (3350,992)  (3350,1026)  (3316,1026)  (3282,1026)  (3248,1026)  (2532,674)  (2532,640)  (2532,606)  (2837,208)  (2871,208)  (3351,754)  (3351,788)  (3351,822)  (3351,856)  (3351,890)  (3214,1027)  (3180,1027)  (3146,1027)  (3112,1027)  (2531,337)  (2531,303)  (2531,269)  (2531,235)  (2565,207)  (2599,207)  (2633,207)  (2525,201)  (2670,1043)  (3381,178)  (2738,1057)  (2704,1057)  (3007,177)  (3041,177)  (3075,177)  (3109,177)  (3382,448)  (3382,482)  (3382,516)  (2976,1058)  (2942,1058)  (2500,719)  (3143,176)  (3177,176)  (3211,176)  (3245,176)  (3279,176)  (3313,176)  (3347,176)  (3383,212)  (3383,246)  (3383,280)  (3383,314)  (3383,348)  (3383,382)  (3383,618)  (3383,652)  (3383,686)  (3383,720)  (3078,1059)  (3044,1059)  (3010,1059)  (2908,1059)  (2874,1059)  (2840,1059)  (2806,1059)  (2772,1059)  (2499,560)  (2499,526)  (2499,492)  (2499,458)  (2499,424)  (2499,390)  (2667,175)  (2701,175)  (2735,175)  (2769,175)  (2803,175)  (2905,175)  (2939,175)  (2973,175)  (3384,550)  (3384,584)  (3384,924)  (3384,958)  (3384,992)  (3384,1026)  (3384,1060)  (3350,1060)  (3316,1060)  (3282,1060)  (3248,1060)  (2498,685)  (2837,174)  (2871,174)  (3385,754)  (3385,788)  (3385,822)  (3385,856)  (3385,890)  (3214,1061)  (3180,1061)  (3146,1061)  (3112,1061)  (2497,356)  (2497,322)  (2497,288)  (2497,254)  (2559,173)  (2593,173)  (2627,173)  (2491,220)  (2491,186)  (2525,167)  (2670,1077)  (2476,152)  (3381,144)  (3415,144)  (3415,178)  (2738,1091)  (3007,143)  (3041,143)  (3075,143)  (3109,143)  (3416,416)  (3416,450)  (3416,484)  (2976,1092)  (2942,1092)  (2466,719)  (3143,142)  (3177,142)  (3211,142)  (3245,142)  (3279,142)  (3313,142)  (3347,142)  (3417,212)  (3417,246)  (3417,280)  (3417,314)  (3417,348)  (3417,382)  (3417,618)  (3417,652)  (3417,686)  (3417,720)  (3078,1093)  (3044,1093)  (3010,1093)  (2908,1093)  (2874,1093)  (2840,1093)  (2806,1093)  (2772,1093)  (2465,392)  (2661,141)  (2695,141)  (2729,141)  (2763,141)  (2797,141)  (2905,141)  (2939,141)  (2973,141)  (3418,518)  (3418,552)  (3418,924)  (3418,958)  (3418,992)  (3418,1026)  (3418,1060)  (3418,1094)  (3384,1094)  (3350,1094)  (3316,1094)  (3282,1094)  (3248,1094)  (2831,140)  (2865,140)  (3419,754)  (3419,788)  (3419,822)  (3419,856)  (3419,890)  (3214,1095)  (3180,1095)  (3146,1095)  (3112,1095)  (2463,358)  (2463,324)  (2463,290)  (2463,256)  (2559,139)  (2593,139)  (2627,139)  (2457,222)  (2457,188)  (2510,133)  (2442,154)  (2442,120)  (2476,118)  (3381,110)  (3415,110)  (3449,110)  (3449,144)  (3449,178)  (3007,109)  (3041,109)  (3075,109)  (3109,109)  (3450,416)  (3450,450)  (3450,484)  (2976,1126)  (2942,1126)  (2432,728)  (3143,108)  (3177,108)  (3211,108)  (3245,108)  (3279,108)  (3313,108)  (3347,108)  (3451,212)  (3451,246)  (3451,280)  (3451,314)  (3451,348)  (3451,382)  (3451,586)  (3451,620)  (3451,654)  (3451,688)  (3078,1127)  (3044,1127)  (3010,1127)  (2908,1127)  (2661,107)  (2695,107)  (2729,107)  (2763,107)  (2797,107)  (2899,107)  (2933,107)  (2967,107)  (3452,518)  (3452,552)  (3452,924)  (3452,958)  (3452,992)  (3452,1026)  (3452,1060)  (3452,1094)  (3452,1128)  (3418,1128)  (3384,1128)  (3350,1128)  (3316,1128)  (3282,1128)  (3248,1128)  (2831,106)  (2865,106)  (3453,722)  (3453,756)  (3453,790)  (3453,824)  (3453,858)  (3214,1129)  (3180,1129)  (3146,1129)  (3112,1129)  (2429,369)  (2429,335)  (2429,301)  (2429,267)  (2544,105)  (2578,105)  (2612,105)  (2423,233)  (2423,199)  (2510,99)  (2410,86)  (2408,694)  (2408,165)  (2408,131)  (2444,84)  (3381,76)  (3415,76)  (3449,76)  (3001,75)  (3035,75)  (3069,75)  (3103,75)  (2976,1160)  (2942,1160)  (3137,74)  (3171,74)  (3205,74)  (3239,74)  (3273,74)  (3307,74)  (3341,74)  (3078,1161)  (3044,1161)  (3010,1161)  (2908,1161)  (2646,73)  (2680,73)  (2714,73)  (2748,73)  (2782,73)  (2899,73)  (2933,73)  (2967,73)  (3463,1162)  (3429,1162)  (3395,1162)  (3361,1162)  (3327,1162)  (3293,1162)  (3259,1162)  (2816,72)  (2850,72)  (3225,1163)  (3191,1163)  (3157,1163)  (3123,1163)  (2395,350)  (2395,316)  (2395,282)  (2544,71)  (2578,71)  (2612,71)  (2389,248)  (2389,214)  (2478,65)  (2376,97)  (2376,63)  (2410,52)  (2374,180)  (2374,146)  (2444,50)  (3375,42)  (3409,42)  (3443,42)  (3001,41)  (3035,41)  (3069,41)  (3103,41)  (2976,1194)  (2942,1194)  (3137,40)  (3171,40)  (3205,40)  (3239,40)  (3273,40)  (3307,40)  (3341,40)  (3089,1195)  (3055,1195)  (3021,1195)  (2908,1195)  (2646,39)  (2680,39)  (2714,39)  (2748,39)  (2782,39)  (2884,39)  (2918,39)  (2952,39)  (3463,1196)  (3429,1196)  (3395,1196)  (3361,1196)  (3327,1196)  (3293,1196)  (3259,1196)  (2816,38)  (2850,38)  (3225,1197)  (3191,1197)  (3157,1197)  (3123,1197)  (2512,37)  (2546,37)  (2580,37)  (2478,31)  (2353,29)  (2342,112)  (2342,78)  (2387,18)  (2340,182)  (2340,148)  (2421,16)  (3375,8)  (3409,8)  (3443,8)  (2986,7)  (3020,7)  (3054,7)  (3088,7)  (2987,1228)  (2953,1228)  (3122,6)  (3156,6)  (3190,6)  (3224,6)  (3258,6)  (3292,6)  (3326,6)  (3089,1229)  (3055,1229)  (3021,1229)  (2919,1229)  (2885,1229)  (2614,5)  (2648,5)  (2682,5)  (2716,5)  (2750,5)  (2884,5)  (2918,5)  (2952,5)  (3463,1230)  (3429,1230)  (3395,1230)  (3361,1230)  (3327,1230)  (3293,1230)  (3259,1230)  (2784,4)  (2818,4)  (3225,1231)  (3191,1231)  (3157,1231)  (3123,1231)  (2512,3)  (2546,3)  (2580,3)  (2319,44)  (2319,10)  (2308,114)  (2308,80)  (2306,182)  (2306,148)  (2987,1262)  (2953,1262)  (3089,1263)  (3055,1263)  (3021,1263)  (2919,1263)  (3463,1264)  (3429,1264)  (3395,1264)  (3361,1264)  (3327,1264)  (3293,1264)  (3259,1264)  (3225,1265)  (3191,1265)  (3157,1265)  (3123,1265)  (2285,46)  (2285,12)  (2274,114)  (2274,80)  (2272,162)  (2987,1296)  (3089,1297)  (3055,1297)  (3021,1297)  (3463,1298)  (3429,1298)  (3395,1298)  (3361,1298)  (3327,1298)  (3293,1298)  (3259,1298)  (3225,1299)  (3191,1299)  (3157,1299)  (3123,1299)  (2251,46)  (2987,1330)  (3089,1331)  (3055,1331)  (3021,1331)  (3463,1332)  (3429,1332)  (3395,1332)  (3361,1332)  (3327,1332)  (3293,1332)  (3259,1332)  (3225,1333)  (3463,1366)  (3429,1366)  (3395,1366)  (3361,1366)  (3327,1366)  (3293,1366)  (3463,1400)  (3429,1400)  (3395,1400)  (3463,1434)  (3429,1434)  (3452,1468)
Georgia  (2781,3278)  (2747,3311)  (2747,3277)  (2814,3312)  (2781,3244)  (2815,3244)  (2815,3278)  (2745,3243)  (2848,3312)  (2849,3262)  (2711,3250)  (2685,3216)  (2882,3296)  (2651,3205)  (2916,3306)  (2617,3196)  (2950,3305)  (2984,3295)  (3018,3295)  (3052,3310)
Germany  (88,2122)  (54,2155)  (54,2121)  (121,2156)  (88,2088)  (122,2088)  (122,2122)  (52,2087)  (87,2189)  (53,2189)  (20,2155)  (20,2121)  (155,2156)  (134,2190)  (19,2190)  (86,2054)  (120,2054)  (154,2054)  (156,2088)  (156,2122)  (18,2087)  (18,2053)  (52,2053)  (188,2022)  (86,2223)  (189,2156)  (52,2224)  (18,2224)  (86,2020)  (120,2020)  (154,2020)  (190,2056)  (190,2090)  (2,2019)  (36,2019)  (188,1988)  (222,1988)  (222,2022)  (223,2124)  (4,2258)  (224,2056)  (224,2090)  (2,1985)  (36,1985)  (257,2124)  (8,2292)  (2,1951)  (36,1951)  (170,1928)  (204,1928)  (35,2326)  (2,1917)  (36,1917)  (154,1894)  (188,1894)  (70,1889)  (35,2360)  (104,1884)  (2,1883)  (36,1883)  (138,1860)  (172,1860)  (70,1855)  (52,2394)  (18,2394)  (104,1850)  (2,1849)  (36,1849)  (206,1845)  (138,1826)  (172,1826)  (86,2421)  (70,1821)  (52,2428)  (18,2428)  (104,1816)  (2,1815)  (36,1815)  (206,1811)  (138,1792)  (172,1792)  (119,2455)  (70,1787)  (85,2462)  (51,2462)  (17,2462)  (104,1782)  (2,1781)  (36,1781)  (153,2482)  (138,1758)  (172,1758)  (119,2489)  (70,1753)  (85,2496)  (51,2496)  (17,2496)  (104,1748)  (2,1747)  (36,1747)  (138,1724)  (172,1724)  (70,1719)  (93,2530)  (59,2530)  (25,2530)  (104,1714)  (2,1713)  (36,1713)  (70,1685)  (66,2564)  (32,2564)  (104,1680)  (68,2598)  (34,2598)  (138,1645)
Veteli  (1171,81)  (1137,114)  (1137,80)  (1204,115)  (1171,47)  (1205,47)  (1205,81)  (1135,46)  (1170,148)  (1136,148)  (1103,89)  (1238,115)  (1238,149)  (1204,149)  (1169,13)  (1203,13)  (1237,13)  (1101,55)  (1101,21)  (1135,12)  (1271,2)  (1170,182)  (1136,182)  (1251,183)  (1217,183)  (1067,33)  (1183,216)  (1149,216)  (1249,217)  (1033,31)  (1215,250)  (1258,251)  (999,41)  (1224,284)  (1239,318)
Slovakia  (659,2479)  (625,2512)  (625,2478)  (692,2513)  (659,2445)  (693,2445)  (693,2479)  (623,2444)  (658,2546)  (624,2546)  (591,2512)  (591,2478)  (726,2513)  (590,2547)  (657,2411)  (691,2411)  (727,2437)  (727,2471)  (589,2444)  (615,2410)  (557,2513)  (557,2479)  (760,2505)  (609,2581)  (575,2581)  (556,2547)  (761,2437)  (761,2471)  (541,2592)  (523,2513)  (522,2558)  (795,2412)  (795,2446)  (795,2480)  (489,2524)  (829,2419)  (829,2453)  (834,2487)  (863,2405)  (863,2439)  (868,2473)  (897,2413)  (902,2447)  (902,2481)  (914,2515)  (936,2443)
Voronezh  (2577,2167)  (2543,2200)  (2543,2166)  (2610,2201)  (2577,2133)  (2611,2133)  (2611,2167)  (2541,2132)  (2576,2234)  (2542,2234)  (2509,2200)  (2509,2166)  (2644,2201)  (2644,2235)  (2610,2235)  (2508,2235)  (2575,2099)  (2609,2099)  (2643,2099)  (2645,2133)  (2645,2167)  (2507,2132)  (2507,2098)  (2541,2098)  (2677,2073)  (2576,2268)  (2542,2268)  (2662,2269)  (2628,2269)  (2508,2269)  (2575,2065)  (2609,2065)  (2679,2107)  (2679,2141)  (2473,2136)  (2473,2102)  (2473,2068)  (2507,2064)  (2541,2064)  (2443,2034)  (2594,2302)  (2560,2302)  (2638,2303)  (2526,2303)  (2713,2082)  (2713,2116)  (2439,2107)  (2439,2073)  (2498,2030)  (2604,2336)  (2570,2336)  (2747,2085)  (2747,2119)  (2781,2103)
Tambov  (2607,1908)
Arzamas  (2930,1472)  (2896,1505)  (2896,1471)  (2963,1506)  (2930,1438)  (2964,1438)  (2964,1472)  (2894,1437)  (2929,1539)  (2895,1539)  (2862,1505)  (2862,1471)  (2997,1506)  (2997,1540)  (2963,1540)  (2861,1540)  (2928,1404)  (2998,1411)  (2998,1445)  (2860,1437)  (2860,1403)  (2894,1403)  (2929,1573)  (2828,1506)  (2828,1472)  (3031,1479)  (3031,1513)  (3031,1547)  (2997,1574)  (2963,1574)  (2827,1570)  (3032,1407)  (3032,1441)  (2826,1438)  (2794,1536)  (2794,1502)  (3065,1475)  (3065,1509)  (3002,1608)  (3066,1405)  (3066,1439)  (2792,1468)  (2760,1525)  (3099,1484)
Porosozero  (1902,174)
Mikkeli  (1464,323)  (1430,356)  (1430,322)  (1497,357)  (1464,289)  (1498,289)  (1498,323)  (1428,288)  (1463,390)  (1429,390)  (1396,356)  (1531,357)  (1395,391)  (1462,255)  (1496,255)  (1532,272)  (1532,306)  (1427,425)  (1566,286)
Leningrad  (1717,795)
Sochi  (2796,3158)  (2762,3184)  (2762,3150)  (2829,3192)  (2830,3146)  (2752,3116)  (2728,3184)  (2728,3150)  (2863,3180)  (2863,3214)  (2864,3145)  (2694,3166)  (2694,3132)  (2897,3179)  (2897,3213)  (2898,3145)  (2926,3247)  (2660,3155)  (2931,3179)  (2931,3213)  (2932,3134)  (2656,3121)  (2965,3168)  (2965,3202)  (2965,3236)  (2622,3147)  (2622,3113)  (2999,3188)  (2999,3222)  (2588,3142)  (2588,3108)  (2554,3141)  (2554,3107)  (2520,3105)
Kirovograd  (2014,2565)  (1980,2598)  (1980,2564)  (2047,2599)  (2014,2531)  (2048,2531)  (2048,2565)  (1978,2530)  (1992,2632)  (1958,2632)  (1946,2575)  (1944,2541)  (1944,2507)  (1978,2496)  (1921,2473)  (1985,2666)  (1910,2535)  (1887,2501)  (1960,2700)
Pskov  (1588,1234)  (1554,1267)  (1554,1233)  (1621,1268)  (1588,1200)  (1622,1200)  (1622,1234)  (1552,1199)  (1587,1301)  (1553,1301)  (1520,1267)  (1520,1233)  (1655,1268)  (1655,1302)  (1621,1302)  (1519,1302)  (1586,1166)  (1620,1166)  (1654,1166)  (1656,1200)  (1656,1234)  (1518,1199)  (1518,1165)  (1552,1165)  (1587,1335)  (1553,1335)  (1486,1268)  (1486,1234)  (1689,1268)  (1689,1302)  (1689,1336)  (1655,1336)  (1621,1336)  (1519,1336)  (1586,1132)  (1620,1132)  (1654,1132)  (1690,1200)  (1690,1234)  (1484,1200)  (1484,1166)  (1484,1132)  (1518,1131)  (1552,1131)  (1587,1369)  (1553,1369)  (1723,1306)  (1723,1340)  (1689,1370)  (1655,1370)  (1621,1370)  (1586,1098)  (1620,1098)  (1654,1098)  (1450,1142)  (1502,1097)  (1536,1097)  (1727,1374)  (1626,1404)  (1761,1362)  (1759,1408)  (1725,1408)
Italy  (56,2844)  (22,2877)  (22,2843)  (89,2878)  (56,2810)  (90,2810)  (90,2844)  (20,2809)  (18,2911)  (124,2839)  (2,2775)  (13,2945)  (2,2741)  (29,2979)  (16,3013)  (17,3047)  (25,3081)  (47,3115)  (13,3115)  (81,3142)  (47,3149)  (13,3149)  (115,3165)  (24,3183)  (148,3199)  (8,3217)  (167,3251)  (133,3251)  (8,3251)  (176,3285)  (142,3285)  (23,3285)  (108,3289)  (74,3295)
Moldova  (1494,2642)  (1460,2662)  (1460,2628)  (1527,2676)  (1494,2608)  (1528,2608)  (1528,2642)  (1445,2594)  (1493,2696)  (1561,2676)  (1561,2710)  (1527,2710)  (1479,2574)  (1411,2572)  (1445,2560)  (1595,2725)  (1527,2744)  (1512,2778)  (1642,2811)  (1512,2812)  (1656,2845)  (1622,2845)  (1528,2846)  (1588,2855)  (1554,2880)  (1520,2880)  (1589,2889)  (1554,2914)  (1520,2914)
Brest  (1227,1874)  (1193,1907)  (1193,1873)  (1260,1908)  (1227,1840)  (1261,1840)  (1261,1874)  (1191,1839)  (1226,1941)  (1192,1941)  (1159,1907)  (1159,1873)  (1294,1908)  (1294,1942)  (1260,1942)  (1158,1942)  (1225,1806)  (1259,1806)  (1293,1806)  (1295,1840)  (1295,1874)  (1157,1839)  (1157,1805)  (1191,1805)  (1327,1786)  (1226,1975)  (1192,1975)  (1125,1908)  (1125,1874)  (1328,1908)  (1328,1942)  (1328,1976)  (1294,1976)  (1260,1976)  (1158,1976)  (1124,1976)  (1124,1942)  (1225,1772)  (1259,1772)  (1293,1772)  (1329,1820)  (1329,1854)  (1123,1840)  (1123,1806)  (1123,1772)  (1157,1771)  (1191,1771)  (1362,1888)  (1362,1922)  (1362,1956)  (1362,1990)  (1328,2010)  (1184,2010)  (1150,2010)  (1116,2010)  (1090,1976)  (1225,1738)  (1259,1738)  (1089,1753)  (1170,1737)  (1376,2024)  (1396,1904)  (1396,1938)  (1396,1972)  (1109,2044)  (1227,1704)  (1410,2006)  (1415,2040)  (1449,2044)
Seinajoki  (1001,228)
Shakhty  (2669,2423)  (2635,2456)  (2635,2422)  (2702,2457)  (2669,2389)  (2703,2389)  (2703,2423)  (2633,2388)  (2601,2490)  (2601,2456)  (2601,2422)  (2736,2457)  (2736,2491)  (2669,2355)  (2703,2355)  (2599,2388)  (2597,2524)  (2567,2490)  (2770,2468)  (2690,2321)  (2732,2543)  (2599,2558)  (2729,2577)  (2695,2582)  (2661,2587)  (2627,2592)  (2593,2592)  (2737,2611)  (2703,2616)  (2559,2616)  (2480,2618)  (2669,2621)  (2525,2625)  (2635,2626)  (2601,2626)  (2567,2650)  (2491,2652)  (2457,2652)  (2670,2655)  (2533,2659)  (2636,2660)  (2602,2660)
Volgodonsk  (2776,2731)  (2742,2764)  (2742,2730)  (2809,2765)  (2776,2697)  (2810,2697)  (2810,2731)  (2740,2696)  (2775,2798)  (2741,2798)  (2708,2764)  (2708,2730)  (2843,2765)  (2843,2799)  (2809,2799)  (2707,2799)  (2787,2663)  (2844,2675)  (2844,2709)  (2706,2696)  (2742,2832)  (2674,2765)  (2674,2731)  (2877,2743)  (2877,2777)  (2708,2833)  (2673,2818)  (2878,2675)  (2878,2709)  (2640,2784)  (2640,2750)  (2912,2700)
Tartu  (1269,926)
Stavropol  (2871,2974)
Luts'k  (1146,2121)  (1112,2137)  (1112,2103)  (1179,2155)  (1146,2087)  (1180,2087)  (1180,2121)  (1145,2171)  (1202,2189)  (1157,2053)  (1191,2053)  (1214,2087)  (1225,2045)  (1168,2205)  (1236,2206)  (1202,2223)  (1248,2079)  (1259,2045)  (1264,2240)  (1270,2206)  (1282,2079)  (1298,2240)  (1304,2192)  (1313,2113)  (1316,2061)  (1332,2226)  (1338,2161)  (1347,2095)  (1366,2195)  (1372,2161)  (1381,2077)  (1381,2111)
Crimea  (2048,2759)  (2014,2792)  (2014,2758)  (2081,2793)  (2048,2725)  (2082,2725)  (2082,2759)  (2017,2826)  (1980,2815)  (1980,2781)  (2036,2691)  (2070,2691)  (2104,2691)  (2116,2725)  (2018,2860)  (1946,2809)  (1946,2775)  (1983,2892)  (1912,2809)  (1949,2907)  (1878,2815)  (2215,2945)  (2098,2951)  (2000,2988)  (2047,2993)  (2013,3022)
Vologda  (2274,792)
Montenegro  (709,3284)  (675,3313)  (675,3279)  (709,3250)  (743,3259)  (743,3293)  (669,3245)  (641,3296)  (777,3269)  (777,3303)  (635,3262)  (674,3211)  (811,3255)  (811,3289)  (845,3266)  (845,3300)
Chisinau  (1567,2793)
Wroclaw  (533,2090)  (499,2123)  (499,2089)  (566,2124)  (533,2056)  (567,2056)  (567,2090)  (497,2055)  (532,2157)  (498,2157)  (465,2123)  (465,2089)  (600,2124)  (598,2158)  (464,2158)  (531,2022)  (565,2022)  (599,2022)  (601,2056)  (601,2090)  (463,2055)  (463,2021)  (497,2021)  (633,1990)  (564,2191)  (530,2191)  (431,2124)  (431,2090)  (634,2124)  (496,2192)  (462,2192)  (430,2158)  (531,1988)  (565,1988)  (599,1988)  (635,2024)  (635,2058)  (429,2025)  (429,1991)  (463,1987)  (497,1987)  (428,2194)  (667,1983)  (575,2225)  (541,2225)  (397,2124)  (397,2090)  (668,2092)  (668,2126)  (507,2226)  (396,2160)  (531,1954)  (669,2017)  (669,2051)  (395,1998)  (439,2228)  (394,2194)  (553,2259)  (363,2126)  (702,2085)  (702,2119)  (362,2160)  (703,1993)  (703,2027)  (329,2126)  (736,2061)  (736,2095)  (737,2012)  (770,2049)
Joensuu  (1723,150)  (1689,131)  (1756,184)  (1722,184)  (1723,116)  (1757,137)  (1688,197)  (1680,97)  (1743,218)  (1714,82)  (1709,231)  (1675,231)  (1663,63)  (1628,41)  (1709,265)  (1675,265)  (1594,12)  (1628,7)
Turku  (987,461)  (953,494)  (953,460)  (1020,495)  (987,427)  (1021,427)  (1021,461)  (951,426)  (986,528)  (952,528)  (919,494)  (919,460)  (1054,495)  (918,529)  (985,393)  (1055,435)  (917,426)  (1008,562)  (974,562)  (1088,469)  (940,563)  (906,563)  (884,529)  (1111,503)  (1014,596)  (980,596)  (1122,451)  (1122,597)  (946,597)  (912,597)  (1129,537)  (1088,616)  (1054,616)  (1145,485)  (1020,630)  (986,630)  (1156,445)  (1156,572)  (1156,606)  (1122,631)  (952,631)  (1163,519)  (1165,640)  (1088,650)  (1054,650)  (1179,479)  (1020,664)  (986,664)  (1190,572)  (1190,606)  (1131,665)  (1197,513)  (1199,640)  (1097,684)  (1063,684)  (1029,698)  (1224,572)  (1224,606)  (1231,509)  (1233,640)  (1258,572)  (1258,606)
Croatia  (425,2892)  (391,2925)  (391,2891)  (458,2926)  (425,2858)  (459,2858)  (459,2892)  (389,2857)  (357,2934)  (357,2900)  (492,2926)  (423,2824)  (493,2874)  (335,2981)  (323,2947)  (526,2908)  (526,2942)  (336,3015)  (302,3015)  (301,2981)  (289,2947)  (560,2898)  (560,2932)  (363,3049)  (329,3049)  (594,2902)  (594,2936)  (378,3083)  (344,3083)  (628,2927)  (395,3117)  (361,3117)  (190,2942)  (429,3149)
Khmelnitsky  (1453,2414)  (1419,2447)  (1419,2413)  (1486,2448)  (1453,2380)  (1487,2380)  (1487,2414)  (1417,2379)  (1452,2481)  (1418,2481)  (1385,2447)  (1385,2413)  (1520,2448)  (1520,2482)  (1486,2482)  (1384,2482)  (1521,2352)  (1521,2386)  (1383,2379)  (1383,2345)  (1351,2448)  (1351,2414)  (1554,2420)  (1554,2454)  (1554,2488)  (1520,2516)  (1486,2516)  (1350,2486)  (1555,2386)  (1349,2380)  (1349,2346)  (1349,2312)  (1383,2311)  (1560,2522)  (1588,2420)  (1588,2454)  (1588,2488)  (1589,2384)  (1360,2277)  (1594,2522)
Serbia  (794,3064)  (760,3097)  (760,3063)  (827,3098)  (794,3030)  (828,3030)  (828,3064)  (758,3029)  (793,3131)  (759,3131)  (726,3097)  (726,3063)  (861,3098)  (861,3132)  (827,3132)  (725,3132)  (792,2996)  (826,2996)  (862,3027)  (862,3061)  (724,3029)  (724,2995)  (758,2995)  (793,3165)  (759,3165)  (895,3095)  (895,3129)  (895,3163)  (861,3166)  (827,3166)  (725,3166)  (792,2962)  (826,2962)  (896,3042)  (690,3054)  (707,2961)  (741,2961)  (926,3197)  (782,3199)  (929,3076)  (929,3110)  (929,3144)  (892,3200)  (858,3200)  (748,3200)  (775,2928)  (682,2927)  (716,2927)  (960,3198)  (926,3231)  (892,3234)  (750,2894)  (784,2894)  (672,2893)  (706,2893)  (945,3265)  (740,2860)
Penza  (2964,1786)  (2930,1819)  (2930,1785)  (2997,1820)  (2964,1752)  (2998,1752)  (2998,1786)  (2928,1751)  (2963,1853)  (2929,1853)  (2896,1819)  (2896,1785)  (3031,1820)  (3031,1854)  (2997,1854)  (2895,1854)  (2962,1718)  (2996,1718)  (3030,1718)  (3032,1752)  (3032,1786)  (2894,1751)  (2894,1717)  (2928,1717)  (3064,1686)  (2963,1887)  (2929,1887)  (2862,1820)  (2862,1786)  (3065,1820)  (3065,1854)  (3065,1888)  (3031,1888)  (2997,1888)  (2895,1888)  (2861,1875)  (2962,1684)  (2996,1684)  (3030,1684)  (3066,1720)  (3066,1754)  (2860,1752)  (2860,1718)  (2860,1684)  (2894,1683)  (2928,1683)  (3064,1652)  (3098,1652)  (2963,1921)  (2929,1921)  (2828,1841)  (2828,1807)  (3099,1788)  (3099,1822)  (3099,1856)  (3099,1890)  (3065,1922)  (3031,1922)  (2997,1922)  (2895,1922)  (2827,1650)  (2962,1650)  (3100,1740)  (2826,1773)  (2826,1739)  (2826,1705)  (2861,1649)  (2895,1649)  (3046,1618)  (3080,1618)  (3114,1618)  (3132,1652)  (3133,1810)  (3133,1844)  (3133,1878)  (2820,1616)  (2792,1801)  (2792,1767)  (2854,1615)  (2888,1615)  (3075,1584)  (3109,1584)  (3167,1830)  (3167,1864)
Estonia  (1333,1029)  (1299,1062)  (1299,1028)  (1366,1063)  (1333,995)  (1367,995)  (1367,1029)  (1297,994)  (1332,1096)  (1265,1049)  (1400,1063)  (1400,1097)  (1366,1097)  (1331,961)  (1365,961)  (1263,1015)  (1229,1032)  (1229,998)  (1331,912)  (1212,964)  (1209,930)  (1199,896)  (1195,1033)  (1195,999)  (1365,879)  (1314,878)  (1233,873)  (1175,949)  (1267,869)  (1399,868)  (1169,862)  (1433,854)  (1348,845)  (1301,844)  (1203,839)  (1237,835)  (1382,834)  (1159,828)  (1271,810)  (1305,810)
Orel  (1995,1873)  (1961,1906)  (1961,1872)  (2028,1907)  (1995,1839)  (2029,1839)  (2029,1873)  (1959,1838)  (1994,1940)  (1960,1940)  (1927,1906)  (1927,1872)  (2062,1907)  (2062,1941)  (2028,1941)  (1926,1941)  (1993,1805)  (2027,1805)  (2063,1826)  (2063,1860)  (1925,1838)  (1934,1804)  (1893,1907)  (1893,1873)  (2096,1894)  (2096,1928)  (2068,1975)  (1892,1949)  (1968,1771)  (2002,1771)  (2097,1839)  (1859,1915)  (1859,1881)  (2130,1873)  (2130,1907)  (2130,1941)  (1979,1737)  (1848,1971)  (2148,1839)  (1825,1937)  (1825,1903)  (2164,1873)  (2164,1907)  (2164,1941)  (2182,1807)  (1805,1867)  (2198,1841)  (2198,1875)  (2198,1909)  (2198,1943)  (2232,1831)  (2232,1865)
Vol'sk  (3188,2129)  (3154,2162)  (3154,2128)  (3221,2163)  (3188,2095)  (3222,2095)  (3222,2129)  (3139,2196)  (3255,2163)  (3255,2197)  (3221,2197)  (3223,2061)  (3257,2060)  (3289,2170)  (3289,2204)  (3291,2030)  (3296,2238)  (3323,2170)  (3323,2204)  (3325,2009)  (3325,2043)  (3330,2242)  (3334,2276)  (3350,1966)  (3357,2152)  (3357,2186)  (3359,2000)  (3359,2034)  (3359,2068)  (3391,2126)  (3391,2160)  (3393,1971)  (3393,2005)  (3393,2039)  (3393,2073)  (3425,2126)  (3427,1999)  (3427,2033)  (3427,2067)  (3461,2012)  (3461,2046)  (3461,2080)
Wien  (287,2621)
Ershov  (3303,2106)
Savonlinna  (1594,375)  (1560,408)  (1599,409)  (1582,341)  (1616,341)  (1565,442)  (1531,448)
Povenets  (2239,260)  (2205,293)  (2205,259)  (2272,294)  (2239,226)  (2273,226)  (2273,260)  (2204,225)  (2238,327)  (2306,294)  (2306,328)  (2272,328)  (2170,197)  (2307,223)  (2307,257)  (2204,191)  (2141,163)  (2238,361)  (2340,332)  (2306,362)  (2272,362)  (2175,157)  (2344,366)  (2107,155)  (2141,129)  (2238,395)  (2175,123)  (2099,121)  (2378,390)  (2344,400)  (2402,424)  (2133,95)  (2167,89)  (2065,127)  (2065,93)  (2099,87)  (2418,458)  (2172,55)  (2419,492)  (2166,21)  (2127,16)  (2436,526)
Bosnia  (529,3065)  (495,3098)  (495,3064)  (562,3099)  (529,3031)  (563,3031)  (563,3065)  (493,3030)  (528,3132)  (494,3132)  (461,3098)  (461,3064)  (596,3099)  (596,3133)  (562,3133)  (527,2997)  (561,2997)  (595,2997)  (597,3031)  (597,3065)  (459,3030)  (459,2996)  (493,2996)  (528,3166)  (427,3077)  (630,3099)  (630,3133)  (626,3167)  (592,3167)  (631,3017)  (631,3051)  (425,3043)  (425,3009)  (558,3200)  (601,3201)  (391,3003)  (585,3235)
Budapest  (674,2689)
Novgorod  (2914,1333)
Caucasus  (2756,2932)  (2722,2964)  (2722,2930)  (2789,2966)  (2756,2898)  (2790,2898)  (2790,2932)  (2719,2896)  (2755,2998)  (2688,2934)  (2811,3000)  (2818,2864)  (2824,2898)  (2777,3032)  (2836,3034)  (2858,2870)  (2858,2904)  (2870,3038)  (2836,3068)  (2892,2873)  (2892,2907)  (2895,3072)  (2904,3036)  (2926,2915)  (2929,3070)  (2885,3106)  (2931,2949)  (2932,2995)  (2938,3029)  (2963,3063)  (2965,2937)  (2966,2994)  (2972,3028)  (2989,3097)  (2997,3062)  (2999,2952)  (3000,2994)  (3006,3028)  (3034,2994)
Krasnodar  (2495,2916)  (2461,2949)  (2461,2915)  (2528,2950)  (2495,2882)  (2529,2882)  (2529,2916)  (2459,2881)  (2494,2983)  (2460,2983)  (2427,2949)  (2427,2915)  (2562,2950)  (2562,2984)  (2528,2984)  (2426,2984)  (2493,2848)  (2527,2848)  (2561,2848)  (2563,2882)  (2563,2916)  (2425,2881)  (2456,2847)  (2595,2821)  (2494,3017)  (2460,3017)  (2393,2950)  (2393,2916)  (2596,2950)  (2596,2984)  (2596,3018)  (2562,3018)  (2528,3018)  (2426,3018)  (2392,3011)  (2490,2814)  (2524,2814)  (2558,2814)  (2597,2855)  (2597,2889)  (2391,2882)  (2444,2813)  (2410,2787)  (2494,3051)  (2460,3051)  (2359,2977)  (2359,2943)  (2630,2942)  (2630,2976)  (2630,3010)  (2630,3044)  (2583,3052)  (2478,2780)  (2512,2780)  (2546,2780)  (2631,2835)  (2631,2869)  (2444,2779)  (2325,2956)  (2664,2974)  (2664,3008)  (2664,3042)  (2478,2746)  (2512,2746)  (2546,2746)  (2580,2745)  (2679,3076)  (2531,2712)  (2565,2711)  (2599,2711)
Kuopio  (1572,154)  (1538,187)  (1538,153)  (1605,188)  (1572,120)  (1606,122)  (1536,119)  (1571,221)  (1639,161)  (1550,85)
Klaipeda  (1004,1414)  (970,1447)  (970,1413)  (1037,1448)  (1004,1380)  (1038,1380)  (1038,1414)  (968,1379)  (1003,1481)  (969,1481)  (936,1447)  (936,1413)  (935,1482)  (1072,1361)  (1072,1395)  (1072,1429)  (934,1379)  (977,1515)  (902,1448)  (902,1414)  (943,1516)  (901,1509)  (1106,1371)  (1106,1405)  (1106,1439)  (900,1380)  (868,1449)  (868,1415)  (1140,1371)  (1140,1405)  (1140,1439)  (1174,1361)  (1174,1395)  (1208,1387)  (1208,1421)  (1242,1393)  (1243,1427)  (1277,1428)  (1289,1462)
Kiuruvesesi  (1415,37)  (1381,70)  (1381,36)  (1448,71)  (1415,3)  (1449,3)  (1449,37)  (1379,2)  (1356,104)  (1347,70)  (1347,36)  (1482,71)  (1460,105)  (1483,2)  (1483,36)  (1345,2)  (1322,129)  (1313,95)  (1313,61)  (1517,2)  (1517,36)  (1551,33)
Lithuania  (1054,1615)  (1020,1635)  (1087,1649)  (1021,1581)  (1055,1581)  (1088,1615)  (1121,1649)  (1121,1683)  (1087,1683)  (1031,1547)  (1065,1547)  (1099,1525)  (1133,1514)  (1155,1635)  (1155,1669)  (1058,1513)  (1167,1502)  (1092,1491)  (1126,1480)  (1189,1627)  (1189,1661)  (1192,1468)  (1201,1502)  (1201,1536)  (1206,1593)  (1223,1627)  (1235,1479)  (1235,1513)  (1235,1547)  (1240,1592)  (1269,1500)  (1269,1534)  (1303,1515)
Ul'yanovsk  (3260,1534)
Kaluga  (2232,1676)  (2198,1709)  (2198,1675)  (2265,1710)  (2232,1642)  (2266,1642)  (2266,1676)  (2196,1641)  (2231,1743)  (2197,1743)  (2164,1709)  (2164,1675)  (2299,1710)  (2299,1744)  (2265,1744)  (2163,1744)  (2230,1608)  (2264,1608)  (2298,1608)  (2300,1642)  (2300,1676)  (2162,1641)  (2162,1607)  (2196,1607)  (2130,1710)  (2130,1676)  (2333,1710)  (2333,1744)  (2333,1778)  (2299,1778)  (2265,1778)  (2140,1778)  (2129,1744)  (2230,1574)  (2264,1574)  (2334,1616)  (2334,1650)  (2128,1642)  (2128,1608)  (2136,1573)  (2170,1573)  (2106,1790)  (2096,1710)  (2096,1676)  (2367,1684)  (2367,1718)  (2367,1752)  (2367,1786)  (2095,1756)  (2243,1540)  (2368,1616)  (2368,1650)  (2094,1642)  (2157,1539)  (2375,1820)  (2062,1722)  (2062,1688)  (2401,1684)  (2401,1718)  (2401,1752)  (2401,1786)  (2060,1654)  (2409,1820)  (2028,1713)  (2435,1750)  (2026,1679)  (2013,1645)
Ivano-Frankivs'k  (1126,2426)  (1092,2459)  (1092,2425)  (1159,2460)  (1126,2392)  (1160,2392)  (1160,2426)  (1090,2391)  (1125,2493)  (1091,2493)  (1058,2459)  (1058,2425)  (1193,2460)  (1193,2494)  (1159,2494)  (1057,2494)  (1124,2358)  (1158,2358)  (1192,2358)  (1194,2392)  (1194,2426)  (1056,2391)  (1056,2357)  (1090,2357)  (1226,2326)  (1125,2527)  (1091,2527)  (1024,2460)  (1024,2426)  (1227,2460)  (1227,2494)  (1227,2528)  (1193,2528)  (1159,2528)  (1057,2528)  (1023,2528)  (1023,2494)  (1124,2324)  (1158,2324)  (1192,2324)  (1228,2360)  (1228,2394)  (1022,2392)  (1048,2323)  (1082,2323)  (1260,2301)  (1125,2561)  (1091,2561)  (1261,2428)  (1261,2462)  (1261,2496)  (1261,2530)  (1227,2562)  (1193,2562)  (1159,2562)  (989,2537)  (989,2503)  (989,2469)  (1116,2290)  (1150,2290)  (1184,2290)  (1262,2335)  (1262,2369)  (1079,2289)  (1263,2564)  (1295,2509)  (1128,2256)  (1297,2543)
Okulovka  (1939,939)  (1905,972)  (1905,938)  (1972,973)  (1939,905)  (1973,905)  (1973,939)  (1903,904)  (1938,1006)  (1904,1006)  (1871,972)  (1871,938)  (2006,973)  (2006,1007)  (1972,1007)  (1870,1007)  (1937,871)  (1971,871)  (2007,879)  (2007,913)  (1869,904)  (1850,870)  (1938,1040)  (1904,1040)  (1837,973)  (1837,939)  (2040,947)  (2040,981)  (1870,1041)  (1836,1022)  (2041,879)  (2041,913)  (1835,905)  (1816,871)  (2064,1015)  (1959,1074)  (1925,1074)  (1803,970)  (2074,947)  (2074,981)  (2075,897)  (1801,936)  (2108,939)  (2108,973)  (1767,956)  (1767,922)  (2142,942)  (2176,950)
Rzhev  (1806,1147)  (1772,1180)  (1772,1146)  (1839,1181)  (1806,1113)  (1840,1113)  (1840,1147)  (1770,1112)  (1805,1214)  (1771,1214)  (1738,1180)  (1738,1146)  (1873,1181)  (1847,1215)  (1737,1215)  (1804,1079)  (1874,1126)  (1736,1112)  (1736,1078)  (1770,1078)  (1813,1248)  (1779,1248)  (1907,1160)  (1702,1062)  (1847,1282)  (1813,1282)  (1779,1282)  (1941,1176)  (1668,1052)  (1954,1295)  (1960,1210)  (1920,1309)  (1886,1309)  (1852,1316)  (1818,1316)  (1784,1316)  (1975,1173)  (1987,1329)  (1988,1264)  (1994,1207)  (1953,1343)  (1919,1343)  (1885,1350)  (1851,1350)  (1817,1350)  (2021,1298)  (2021,1332)  (1987,1363)  (2022,1264)  (2024,1366)  (2028,1204)  (1953,1377)  (1919,1377)  (1885,1384)  (1851,1384)  (1817,1384)  (2055,1298)  (2055,1332)  (2056,1264)  (2058,1366)  (1958,1411)  (1924,1411)  (1890,1418)  (1856,1418)  (2089,1298)  (2089,1332)  (2092,1366)  (2123,1309)
Poltava  (2018,2344)  (1984,2377)  (1984,2343)  (2051,2378)  (2018,2310)  (2052,2310)  (2052,2344)  (1982,2309)  (2017,2411)  (1983,2411)  (1950,2377)  (1950,2343)  (2085,2378)  (2058,2412)  (2016,2276)  (2086,2306)  (2086,2340)  (1948,2309)  (1948,2275)  (1982,2275)  (2119,2374)  (2120,2301)  (2120,2335)  (1914,2335)  (1914,2301)  (2137,2408)  (1880,2282)  (2171,2384)  (2171,2418)  (2205,2384)  (2205,2418)  (2224,2452)  (2239,2376)  (2239,2410)  (2255,2291)  (2257,2340)  (2258,2444)  (2273,2374)  (2273,2408)  (2289,2280)  (2291,2339)  (2292,2442)  (2307,2373)  (2307,2407)  (2323,2276)  (2325,2339)  (2341,2373)
Smolensk  (1929,1549)  (1895,1582)  (1895,1548)  (1962,1583)  (1929,1515)  (1963,1515)  (1963,1549)  (1893,1514)  (1928,1616)  (1894,1616)  (1861,1582)  (1861,1548)  (1996,1583)  (1968,1617)  (1860,1617)  (1927,1481)  (1961,1481)  (1995,1481)  (1997,1515)  (1997,1549)  (1859,1514)  (1859,1480)  (1893,1480)  (2029,1449)  (1934,1650)  (1900,1650)  (1827,1583)  (1827,1549)  (2030,1583)  (1866,1651)  (1832,1651)  (1826,1617)  (1993,1447)  (2031,1483)  (2031,1517)  (1825,1515)  (1825,1481)  (1798,1661)  (2027,1415)  (2063,1426)  (1951,1684)  (1917,1684)  (1793,1583)  (1793,1549)  (2064,1551)  (2064,1585)  (1883,1685)  (1849,1685)  (1792,1627)  (2065,1460)  (2065,1494)  (1791,1515)  (1791,1481)  (2097,1424)  (1930,1718)  (1759,1589)  (2098,1528)  (1896,1719)  (1862,1719)  (2099,1458)  (2099,1492)  (1757,1511)  (1757,1477)  (1908,1753)
Petrozavodsk  (1882,412)  (1848,445)  (1848,411)  (1915,446)  (1882,378)  (1916,378)  (1916,412)  (1846,377)  (1814,417)  (1949,446)  (1949,480)  (1915,480)  (1950,377)  (1950,411)  (1812,383)  (1983,445)  (1943,514)  (1984,390)  (1778,393)  (2017,424)  (2017,458)  (1925,548)  (2018,390)  (1723,362)  (2051,424)  (2051,458)  (1689,386)  (1655,420)  (1646,454)  (1612,473)
Kharkov  (2197,2319)
East Prussia  (833,1689)  (799,1722)  (799,1688)  (866,1723)  (833,1655)  (867,1655)  (867,1689)  (797,1654)  (832,1756)  (798,1756)  (765,1722)  (765,1688)  (900,1723)  (900,1757)  (866,1757)  (764,1757)  (831,1621)  (865,1621)  (899,1621)  (901,1655)  (901,1689)  (763,1654)  (792,1620)  (933,1589)  (828,1790)  (731,1723)  (731,1689)  (934,1723)  (794,1791)  (760,1791)  (730,1757)  (865,1587)  (899,1587)  (935,1623)  (935,1657)  (758,1586)  (792,1586)  (726,1795)  (967,1581)  (697,1692)  (968,1732)  (872,1553)  (692,1791)
Sumy  (1877,2127)  (1843,2160)  (1843,2126)  (1910,2161)  (1877,2093)  (1911,2093)  (1911,2127)  (1841,2092)  (1876,2194)  (1842,2194)  (1809,2160)  (1809,2126)  (1944,2161)  (1944,2195)  (1910,2195)  (1808,2195)  (1875,2059)  (1909,2059)  (1943,2059)  (1945,2093)  (1945,2127)  (1807,2092)  (1807,2058)  (1841,2058)  (1977,2027)  (1876,2228)  (1842,2228)  (1775,2161)  (1775,2127)  (1978,2161)  (1978,2195)  (1808,2229)  (1774,2229)  (1774,2195)  (1875,2025)  (1909,2025)  (1943,2025)  (1979,2061)  (1979,2095)  (1773,2093)  (1773,2059)  (1773,2025)  (1807,2024)  (1977,1993)  (1741,2161)  (1741,2127)  (2012,2129)  (2012,2163)  (2012,2197)  (1823,2263)  (1789,2263)  (1938,1991)  (2013,2038)  (2013,2088)  (1739,2093)  (1739,2059)  (2046,2145)  (2046,2179)  (2046,2213)  (1829,2297)  (2072,2247)  (2080,2152)  (2080,2186)  (1851,2331)  (2106,2220)  (2106,2254)  (2114,2172)
Samara  (3431,1639)  (3397,1672)  (3463,1673)  (3405,1605)  (3439,1605)  (3463,1707)  (3439,1571)  (3463,1741)  (3463,1775)  (3463,1809)  (3463,1843)  (3429,1865)  (3395,1865)  (3463,1877)  (3429,1899)  (3395,1899)  (3463,1911)  (3429,1933)  (3463,1945)
Vaasa  (1106,332)  (1072,365)  (1072,331)  (1139,366)  (1106,298)  (1140,298)  (1140,332)  (1070,297)  (1038,358)  (1173,366)  (1173,400)  (1139,400)  (1104,264)  (1138,264)  (1174,320)  (1036,324)  (1036,290)  (1070,263)  (1207,358)  (1207,392)  (1002,351)  (1002,317)  (1062,213)  (968,351)  (968,317)  (956,283)  (954,182)  (1043,179)  (1077,179)  (988,171)  (940,249)  (934,355)  (934,321)  (922,287)  (921,148)  (920,215)  (1022,145)  (1056,145)  (955,137)  (906,253)  (900,369)  (900,335)  (888,301)  (887,181)  (887,147)  (921,114)  (886,219)  (989,111)  (1023,111)  (1057,111)  (955,103)  (1040,77)
11 Sea Zone  (1423,694)  (1389,727)  (1389,693)  (1456,728)  (1423,660)  (1457,660)  (1457,694)  (1387,659)  (1422,761)  (1388,761)  (1355,727)  (1355,693)  (1490,728)  (1354,762)  (1491,631)  (1491,665)  (1353,659)  (1524,699)  (1320,764)
15 Sea Zone  (1826,3082)  (1792,3115)  (1792,3081)  (1859,3116)  (1826,3048)  (1860,3048)  (1860,3082)  (1790,3047)  (1825,3149)  (1791,3149)  (1758,3115)  (1758,3081)  (1893,3116)  (1893,3150)  (1859,3150)  (1757,3150)  (1824,3014)  (1858,3014)  (1892,3014)  (1894,3048)  (1894,3082)  (1756,3047)  (1756,3013)  (1790,3013)  (1926,2982)  (1825,3183)  (1791,3183)  (1724,3089)  (1927,3116)  (1927,3150)  (1927,3184)  (1893,3184)  (1859,3184)  (1757,3184)  (1824,2980)  (1858,2980)  (1892,2980)  (1928,3016)  (1928,3050)  (1722,3055)  (1722,3021)  (1722,2987)  (1756,2979)  (1790,2979)  (1696,2953)  (1825,3217)  (1791,3217)  (1961,3084)  (1961,3118)  (1961,3152)  (1961,3186)  (1927,3218)  (1893,3218)  (1859,3218)  (1757,3218)  (1824,2946)  (1688,3006)  (1730,2945)  (1764,2945)  (1963,3220)  (1662,2965)  (1662,2931)  (1696,2919)  (1825,3251)  (1791,3251)  (1929,3252)  (1895,3252)  (1861,3252)  (1757,3252)  (1798,2912)  (1832,2912)  (1730,2911)  (1764,2911)  (1988,3254)  (1866,2902)  (1658,2897)  (1694,2885)  (1827,3285)  (1793,3285)  (1954,3286)  (1920,3286)  (1886,3286)  (1759,3286)  (1798,2878)  (1832,2878)  (1728,2877)  (1762,2877)  (1900,2877)  (1988,3288)  (1866,2868)  (1934,2859)  (1796,2844)  (1830,2844)  (1721,2843)  (1755,2843)  (1789,2810)  (1737,2809)
2 Sea Zone  (417,1506)  (383,1539)  (383,1505)  (450,1540)  (417,1472)  (451,1472)  (451,1506)  (381,1471)  (416,1573)  (382,1573)  (349,1539)  (349,1505)  (484,1540)  (484,1574)  (450,1574)  (348,1574)  (415,1438)  (449,1438)  (483,1438)  (485,1472)  (485,1506)  (347,1471)  (347,1437)  (381,1437)  (517,1421)  (416,1607)  (382,1607)  (315,1540)  (315,1506)  (518,1540)  (348,1608)  (314,1608)  (314,1574)  (415,1404)  (449,1404)  (519,1455)  (519,1489)  (313,1472)  (313,1438)  (313,1404)  (347,1403)  (381,1403)  (382,1641)  (281,1540)  (281,1506)  (552,1523)  (552,1557)  (348,1642)  (314,1642)  (280,1642)  (280,1608)  (280,1574)  (553,1442)  (553,1476)  (279,1472)  (279,1438)  (247,1521)  (586,1510)  (586,1544)  (290,1676)  (256,1676)  (587,1464)  (245,1446)  (613,1578)  (620,1498)  (620,1532)  (627,1612)  (647,1566)  (654,1515)  (661,1600)  (661,1634)  (681,1549)  (695,1583)  (695,1617)
12 Sea Zone  (1777,538)  (1743,571)  (1743,537)  (1810,572)  (1777,504)  (1811,504)  (1811,538)  (1741,503)  (1776,605)  (1742,605)  (1844,572)  (1844,606)  (1810,606)  (1775,470)  (1845,505)  (1707,522)  (1707,488)  (1741,469)  (1696,454)  (1776,639)  (1878,552)  (1878,586)  (1868,640)  (1834,640)  (1730,435)  (1764,435)  (1769,673)
9 Sea Zone  (693,332)  (659,365)  (659,331)  (726,366)  (693,298)  (727,298)  (727,332)  (657,297)  (692,399)  (658,399)  (625,365)  (625,331)  (760,366)  (760,400)  (726,400)  (624,400)  (691,264)  (725,264)  (759,264)  (761,298)  (761,332)  (623,297)  (623,263)  (657,263)  (793,232)  (692,433)  (658,433)  (591,366)  (591,332)  (794,366)  (794,400)  (794,434)  (760,434)  (726,434)  (624,434)  (590,434)  (590,400)  (691,230)  (725,230)  (759,230)  (795,266)  (795,300)  (589,298)  (589,264)  (589,230)  (623,229)  (657,229)  (793,198)  (692,467)  (658,467)  (557,366)  (557,332)  (828,334)  (828,368)  (828,402)  (828,436)  (794,468)  (760,468)  (726,468)  (624,468)  (590,468)  (556,468)  (556,434)  (556,400)  (691,196)  (725,196)  (759,196)  (829,262)  (829,296)  (555,298)  (555,264)  (599,195)  (633,195)  (830,470)  (793,164)  (692,501)  (658,501)  (523,363)  (796,502)  (762,502)  (728,502)  (624,502)  (590,502)  (556,502)  (522,502)  (522,468)  (522,434)  (667,162)  (701,162)  (735,162)  (620,161)  (769,130)  (803,130)  (681,535)  (647,536)  (613,536)  (579,536)  (545,536)  (511,536)  (654,128)  (688,128)  (722,128)  (756,96)  (790,96)  (619,570)  (585,570)  (551,570)  (685,94)  (719,94)  (753,62)  (787,62)  (889,55)  (923,55)  (821,53)  (855,39)  (753,28)  (787,28)  (889,21)  (923,21)  (821,19)  (855,5)
16 Sea Zone  (2183,3124)  (2149,3157)  (2149,3123)  (2216,3158)  (2183,3090)  (2217,3090)  (2217,3124)  (2147,3089)  (2182,3191)  (2148,3191)  (2115,3157)  (2115,3123)  (2250,3158)  (2250,3192)  (2216,3192)  (2114,3192)  (2181,3056)  (2215,3056)  (2249,3056)  (2251,3090)  (2251,3124)  (2113,3089)  (2113,3055)  (2147,3055)  (2283,3024)  (2182,3225)  (2148,3225)  (2081,3158)  (2081,3124)  (2284,3158)  (2284,3192)  (2284,3226)  (2250,3226)  (2216,3226)  (2114,3226)  (2080,3226)  (2080,3192)  (2181,3022)  (2215,3022)  (2249,3022)  (2285,3058)  (2285,3092)  (2079,3090)  (2079,3056)  (2132,3021)  (2182,3259)  (2148,3259)  (2047,3158)  (2047,3124)  (2318,3126)  (2318,3160)  (2318,3194)  (2318,3228)  (2284,3260)  (2250,3260)  (2216,3260)  (2114,3260)  (2080,3260)  (2046,3260)  (2046,3226)  (2046,3192)  (2249,2988)  (2319,3032)  (2319,3066)  (2045,3090)  (2320,3262)  (2182,3293)  (2148,3293)  (2352,3100)  (2352,3134)  (2352,3168)  (2352,3202)  (2286,3294)  (2252,3294)  (2218,3294)  (2114,3294)  (2080,3294)  (2046,3294)  (2353,3046)  (2347,3296)  (2386,3080)  (2386,3114)  (2420,3085)
17 Sea Zone  (2497,3224)  (2463,3257)  (2463,3223)  (2530,3258)  (2497,3190)  (2531,3192)  (2461,3189)  (2496,3291)  (2462,3291)  (2429,3257)  (2429,3223)  (2564,3226)  (2564,3260)  (2530,3292)  (2428,3292)  (2495,3156)  (2427,3189)  (2430,3155)  (2566,3294)  (2395,3258)  (2395,3224)  (2598,3239)  (2394,3313)  (2600,3273)  (2600,3307)  (2634,3253)  (2634,3287)  (2668,3283)
5 Sea Zone  (768,1183)  (734,1216)  (734,1182)  (801,1217)  (768,1149)  (802,1149)  (802,1183)  (732,1148)  (767,1250)  (733,1250)  (700,1216)  (700,1182)  (835,1217)  (808,1251)  (699,1251)  (766,1115)  (800,1115)  (834,1115)  (836,1149)  (836,1183)  (698,1148)  (698,1114)  (732,1114)  (756,1284)  (722,1285)  (688,1285)  (665,1251)  (766,1081)  (870,1120)  (692,1080)  (726,1080)
Varmland  (87,750)  (53,783)  (53,749)  (120,784)  (87,716)  (121,716)  (121,750)  (51,715)  (86,817)  (52,817)  (19,783)  (19,749)  (154,784)  (154,818)  (120,818)  (18,818)  (85,682)  (119,682)  (153,682)  (155,716)  (155,750)  (17,715)  (17,681)  (51,681)  (187,650)  (86,851)  (52,851)  (188,784)  (188,818)  (188,852)  (154,852)  (120,852)  (18,852)  (98,648)  (132,648)  (189,684)  (189,718)  (166,616)  (200,616)  (58,885)  (222,752)  (222,786)  (222,820)  (24,886)  (110,614)  (223,717)  (144,582)  (178,582)  (58,919)  (256,807)  (24,920)  (138,548)  (172,548)  (206,548)  (145,514)  (179,514)
8 Sea Zone  (865,909)  (831,942)  (831,908)  (898,943)  (865,875)  (899,875)  (899,909)  (829,874)  (864,976)  (830,976)  (797,942)  (797,908)  (932,943)  (796,977)  (863,841)  (897,841)  (931,841)  (933,875)  (811,840)  (894,1010)  (860,1010)  (826,1011)  (792,1011)  (845,807)  (879,807)  (913,807)  (906,1044)  (872,1044)  (838,1045)  (838,773)  (872,773)  (906,773)  (940,773)  (904,1078)  (870,1079)  (865,739)  (899,739)  (933,739)  (899,705)  (933,705)
Uppland  (500,698)  (466,731)  (466,697)  (533,732)  (500,664)  (534,664)  (534,698)  (464,663)  (499,765)  (465,765)  (432,731)  (432,697)  (567,732)  (567,766)  (533,766)  (431,766)  (498,630)  (532,630)  (568,660)  (568,694)  (430,663)  (430,629)  (464,629)  (499,799)  (465,799)  (398,732)  (398,698)  (601,728)  (601,762)  (586,800)  (552,800)  (397,788)  (602,685)  (396,664)  (396,630)  (396,596)  (430,595)  (464,595)  (364,754)  (364,720)  (591,834)  (557,834)  (523,834)  (363,562)  (362,686)  (362,652)  (362,618)  (397,561)  (431,561)  (465,561)  (348,788)  (330,754)  (330,720)  (329,584)  (329,550)  (363,528)  (328,686)  (328,652)  (328,618)  (397,527)  (431,527)  (465,527)  (317,516)  (314,794)  (296,760)  (295,584)  (295,550)  (351,494)  (294,675)  (294,641)  (385,493)  (419,493)  (453,493)  (283,516)  (283,482)  (317,482)  (261,607)  (261,573)  (351,460)  (260,674)  (385,459)  (419,459)  (453,459)  (249,539)  (249,505)  (249,471)  (283,448)  (317,448)  (238,437)  (351,426)  (385,425)  (419,425)  (453,425)  (272,414)  (306,414)  (340,392)  (374,391)  (408,391)  (442,391)  (476,387)  (283,380)  (326,358)  (360,357)  (394,357)  (428,357)  (462,353)  (328,323)  (362,323)  (396,323)  (430,319)  (464,319)  (331,289)  (365,289)  (399,285)  (433,285)  (467,285)  (407,251)  (441,251)  (475,251)
Medelpad  (566,90)  (532,123)  (532,89)  (584,124)  (566,56)  (600,56)  (530,55)  (550,157)  (516,157)  (564,22)  (598,22)  (632,22)  (634,56)  (515,21)  (482,173)  (666,2)  (548,191)  (700,2)
Sodermanland  (365,913)  (331,946)  (331,912)  (398,947)  (365,879)  (399,879)  (399,913)  (329,878)  (364,980)  (330,980)  (297,946)  (297,912)  (416,981)  (296,981)  (363,845)  (397,845)  (431,845)  (433,879)  (433,913)  (295,878)  (303,844)  (382,1014)  (348,1014)  (314,1015)  (280,1015)  (262,978)  (467,856)  (467,890)  (370,1048)  (336,1049)  (302,1049)  (268,1049)  (501,873)  (356,1083)  (322,1083)  (535,875)
4 Sea Zone  (545,1145)  (511,1178)  (511,1144)  (578,1179)  (545,1111)  (579,1111)  (579,1145)  (509,1110)  (544,1212)  (510,1212)  (477,1178)  (477,1144)  (612,1179)  (612,1213)  (578,1213)  (476,1213)  (543,1077)  (577,1077)  (611,1077)  (613,1111)  (613,1145)  (475,1110)  (475,1076)  (509,1076)  (645,1045)  (544,1246)  (510,1246)  (625,1247)  (591,1247)  (476,1247)  (442,1247)  (543,1043)  (577,1043)  (611,1043)  (647,1079)  (647,1113)  (477,1042)  (645,1011)  (557,1280)  (523,1280)  (622,1281)  (489,1281)  (455,1281)  (511,1009)  (545,1009)  (579,1009)  (477,1008)  (421,1313)  (613,977)  (588,1314)  (554,1314)  (520,1315)  (486,1315)  (511,975)  (545,975)  (579,975)  (452,1347)  (523,1349)  (489,1349)  (526,941)  (560,941)  (594,941)
18 Sea Zone  (2226,2822)  (2192,2855)  (2192,2821)  (2259,2856)  (2226,2788)  (2260,2788)  (2260,2822)  (2225,2889)  (2191,2889)  (2158,2855)  (2158,2821)  (2293,2856)  (2293,2890)  (2259,2890)  (2157,2890)  (2294,2764)  (2294,2798)  (2124,2856)  (2327,2832)  (2327,2866)  (2328,2753)  (2328,2787)  (2090,2855)  (2361,2821)  (2362,2730)  (2396,2730)
1 Sea Zone  (102,1548)  (68,1581)  (68,1547)  (135,1582)  (136,1520)  (66,1513)  (99,1615)  (65,1615)  (34,1581)  (34,1547)  (169,1554)  (169,1588)  (170,1514)  (32,1513)  (32,1479)  (66,1479)  (31,1618)  (182,1622)  (203,1548)  (203,1582)  (2,1445)  (36,1445)  (70,1445)  (22,1652)  (209,1656)  (216,1616)  (2,1411)  (36,1411)  (2,1377)  (36,1377)  (2,1343)  (36,1343)  (2,1309)  (36,1309)  (2,1275)  (36,1275)  (2,1241)  (2,1207)
Smaland  (244,1212)  (210,1245)  (210,1211)  (277,1246)  (244,1178)  (278,1178)  (278,1212)  (208,1177)  (243,1279)  (209,1279)  (176,1245)  (176,1211)  (311,1246)  (311,1280)  (277,1280)  (175,1280)  (242,1144)  (276,1144)  (310,1144)  (312,1178)  (312,1212)  (174,1177)  (198,1143)  (344,1136)  (142,1246)  (142,1212)  (345,1246)  (345,1280)  (345,1314)  (311,1314)  (188,1314)  (154,1314)  (141,1280)  (234,1110)  (268,1110)  (346,1170)  (346,1204)  (140,1178)  (120,1331)  (378,1123)  (108,1246)  (108,1212)  (379,1238)  (379,1272)  (380,1157)  (380,1191)  (407,1076)  (412,1110)  (74,1230)  (74,1196)  (414,1144)
6 Sea Zone  (1041,1082)  (1007,1115)  (1007,1081)  (1074,1116)  (1041,1048)  (1075,1048)  (1075,1082)  (1005,1047)  (1040,1149)  (973,1085)  (1108,1116)  (1108,1150)  (1074,1150)  (1039,1014)  (1109,1041)  (1109,1075)  (971,1051)  (1113,1184)  (1079,1184)
7 Sea Zone  (714,781)  (680,814)  (680,780)  (747,815)  (714,747)  (748,747)  (748,781)  (680,726)  (713,848)  (679,848)  (646,814)  (765,849)  (714,713)  (748,713)  (782,713)  (782,747)  (782,781)  (645,850)  (661,692)  (731,882)  (697,882)  (695,679)  (729,679)  (763,679)  (797,679)  (816,713)  (663,884)  (629,884)  (831,664)  (647,658)  (752,916)  (718,916)  (681,645)  (715,645)  (749,645)  (783,645)  (684,918)  (650,918)  (817,630)  (865,637)  (636,624)  (748,950)  (670,611)  (704,611)  (738,611)  (772,611)  (714,952)  (680,952)  (806,596)  (699,577)  (733,577)  (767,577)  (743,986)  (709,986)  (801,562)
Arkhangelsk  (2492,267)  (2458,300)  (2458,266)  (2525,301)  (2492,233)  (2526,233)  (2526,267)  (2456,232)  (2491,334)  (2457,334)  (2424,300)  (2424,266)  (2559,301)  (2559,335)  (2525,335)  (2423,335)  (2490,199)  (2524,199)  (2558,199)  (2560,233)  (2560,267)  (2422,232)  (2422,198)  (2456,198)  (2592,167)  (2491,368)  (2457,368)  (2390,301)  (2390,267)  (2593,301)  (2593,335)  (2593,369)  (2559,369)  (2525,369)  (2490,165)  (2524,165)  (2558,165)  (2594,201)  (2594,235)  (2388,233)  (2388,199)  (2388,165)  (2422,164)  (2456,164)  (2592,133)  (2626,133)  (2626,167)  (2491,402)  (2627,269)  (2627,303)  (2627,337)  (2627,371)  (2593,403)  (2559,403)  (2525,403)  (2355,131)  (2490,131)  (2524,131)  (2558,131)  (2628,201)  (2628,235)  (2354,192)  (2389,130)  (2423,130)  (2629,405)  (2592,99)  (2626,99)  (2660,99)  (2660,133)  (2660,167)  (2491,436)  (2661,269)  (2661,303)  (2661,337)  (2661,371)  (2595,437)  (2561,437)  (2527,437)  (2321,158)  (2321,124)  (2355,97)  (2457,97)  (2491,97)  (2525,97)  (2662,201)  (2662,235)  (2389,96)  (2423,96)  (2663,405)  (2645,439)  (2314,90)  (2559,65)  (2593,65)  (2627,65)  (2661,65)  (2694,99)  (2694,133)  (2694,167)  (2493,470)  (2695,64)  (2695,269)  (2695,303)  (2611,471)  (2577,471)  (2543,471)  (2287,174)  (2287,140)  (2348,63)  (2457,63)  (2491,63)  (2525,63)  (2696,201)  (2696,235)  (2382,62)  (2416,62)  (2280,106)  (2280,72)  (2314,56)  (2262,38)  (2559,31)  (2593,31)  (2627,31)  (2661,31)  (2728,98)  (2728,132)  (2728,166)  (2509,504)  (2695,30)  (2729,30)  (2729,64)  (2729,269)  (2729,303)  (2600,505)  (2566,505)  (2348,29)  (2450,29)  (2484,29)  (2518,29)  (2730,200)  (2730,234)  (2475,506)  (2382,28)  (2416,28)  (2246,128)  (2246,72)  (2296,22)  (2762,98)  (2762,132)  (2762,166)  (2763,2)  (2763,36)  (2763,268)  (2763,302)  (2562,539)  (2764,200)  (2764,234)  (2796,70)  (2796,104)  (2796,138)  (2797,2)  (2797,36)  (2797,268)  (2798,172)  (2798,206)  (2830,70)  (2830,104)  (2830,138)  (2831,2)  (2831,36)  (2832,172)  (2832,206)  (2864,70)  (2864,104)  (2864,138)  (2865,2)  (2865,36)  (2866,172)  (2866,206)  (2898,70)  (2898,104)  (2898,138)  (2899,2)  (2899,36)  (2900,172)  (2932,70)  (2932,104)  (2932,138)  (2933,2)  (2933,36)  (2966,70)  (2967,2)  (2967,36)  (3001,2)
Vastergotland  (87,1027)  (53,1060)  (53,1026)  (120,1061)  (87,993)  (121,993)  (121,1027)  (32,992)  (86,1094)  (52,1094)  (19,1060)  (19,1026)  (154,1061)  (154,1095)  (120,1095)  (98,959)  (132,959)  (155,993)  (155,1027)  (166,948)  (86,1128)  (188,1061)  (156,1129)  (107,925)  (189,982)  (189,1016)  (141,914)  (200,918)  (234,907)
14 Sea Zone  (1584,3210)  (1550,3243)  (1550,3209)  (1617,3244)  (1584,3176)  (1618,3176)  (1618,3210)  (1548,3175)  (1583,3277)  (1549,3277)  (1516,3243)  (1516,3209)  (1651,3244)  (1651,3278)  (1617,3278)  (1515,3278)  (1582,3142)  (1616,3142)  (1650,3142)  (1652,3176)  (1652,3210)  (1546,3141)  (1684,3110)  (1583,3311)  (1549,3311)  (1482,3244)  (1685,3244)  (1685,3278)  (1685,3312)  (1651,3312)  (1617,3312)  (1515,3312)  (1481,3312)  (1481,3278)  (1580,3108)  (1614,3108)  (1648,3108)  (1686,3144)  (1686,3178)  (1559,3074)  (1593,3074)  (1627,3074)  (1661,3074)  (1580,3040)  (1614,3040)  (1648,3040)
10 Sea Zone  (1123,762)  (1089,795)  (1089,761)  (1123,728)  (1157,729)  (1157,763)  (1055,826)  (1055,792)  (1055,758)  (1191,699)  (1191,733)  (1191,767)  (1037,860)  (1021,826)  (1021,792)  (1021,758)  (1225,694)  (1225,728)  (1225,762)  (987,826)  (987,792)  (987,758)  (1259,690)  (1259,724)  (1293,686)
Skane  (164,1404)  (130,1437)  (130,1403)  (194,1438)  (198,1384)  (223,1350)  (99,1369)  (149,1471)  (257,1348)
Jamtland  (245,159)  (211,192)  (211,158)  (278,193)  (245,125)  (279,125)  (279,159)  (209,124)  (244,226)  (210,226)  (177,192)  (177,158)  (312,193)  (312,227)  (278,227)  (176,227)  (243,91)  (277,91)  (311,91)  (313,125)  (313,159)  (175,124)  (193,90)  (345,59)  (244,260)  (210,260)  (143,166)  (346,193)  (346,227)  (176,261)  (142,261)  (142,227)  (227,57)  (261,57)  (295,57)  (347,93)  (347,127)  (141,132)  (329,25)  (363,25)  (379,59)  (268,294)  (234,294)  (380,161)  (380,195)  (200,295)  (166,295)  (132,295)  (276,23)  (381,93)  (381,127)  (397,7)  (413,41)  (261,328)  (414,161)  (227,329)  (193,329)  (159,329)  (125,329)  (415,75)  (415,109)  (431,2)  (447,36)  (236,363)  (202,363)  (168,363)  (134,363)  (449,70)  (449,104)  (194,397)  (160,397)  (192,431)  (158,431)  (178,465)  (144,465)
13 Sea Zone  (248,3141)  (214,3174)  (214,3140)  (281,3175)  (248,3107)  (282,3110)  (212,3106)  (247,3208)  (213,3208)  (180,3154)  (315,3144)  (315,3178)  (281,3209)  (246,3073)  (178,3120)  (178,3086)  (212,3072)  (318,3212)  (158,3052)  (247,3242)  (213,3242)  (284,3243)  (246,3039)  (144,3123)  (144,3089)  (192,3038)  (352,3187)  (352,3221)  (318,3246)  (361,3255)  (124,3055)  (124,3021)  (158,3018)  (250,3276)  (284,3277)  (226,3005)  (110,3098)  (386,3190)  (327,3280)  (395,3224)  (395,3258)  (361,3289)  (398,3292)  (93,2987)  (90,3064)  (90,3030)  (127,2984)  (293,3311)  (429,3222)  (429,3256)  (432,3290)  (71,2953)  (105,2950)  (463,3227)  (466,3261)  (466,3295)  (127,2916)  (500,3271)  (500,3305)  (534,3289)  (568,3309)
Russia  (2798,902)  (2764,935)  (2764,901)  (2831,936)  (2798,868)  (2832,868)  (2832,902)  (2762,867)  (2797,969)  (2763,969)  (2730,935)  (2730,901)  (2865,936)  (2865,970)  (2831,970)  (2729,970)  (2796,834)  (2830,834)  (2864,834)  (2866,868)  (2866,902)  (2728,867)  (2728,833)  (2762,833)  (2898,802)  (2797,1003)  (2763,1003)  (2696,936)  (2696,902)  (2899,936)  (2899,970)  (2899,1004)  (2865,1004)  (2831,1004)  (2729,1004)  (2695,1004)  (2695,970)  (2796,800)  (2830,800)  (2864,800)  (2900,836)  (2900,870)  (2694,868)  (2694,834)  (2694,800)  (2728,799)  (2762,799)  (2898,768)  (2932,768)  (2932,802)  (2797,1037)  (2763,1037)  (2662,936)  (2662,902)  (2933,904)  (2933,938)  (2933,972)  (2933,1006)  (2899,1038)  (2865,1038)  (2831,1038)  (2729,1038)  (2695,1038)  (2661,766)  (2796,766)  (2830,766)  (2864,766)  (2934,836)  (2934,870)  (2660,868)  (2660,834)  (2660,800)  (2695,765)  (2729,765)  (2935,1040)  (2661,1053)  (2898,734)  (2932,734)  (2966,734)  (2966,768)  (2966,802)  (2797,1071)  (2763,1071)  (2628,921)  (2967,904)  (2967,938)  (2967,972)  (2967,1006)  (2901,1072)  (2867,1072)  (2833,1072)  (2729,1072)  (2695,1072)  (2627,766)  (2627,732)  (2661,732)  (2763,732)  (2797,732)  (2831,732)  (2968,836)  (2968,870)  (2626,887)  (2626,853)  (2626,819)  (2695,731)  (2729,731)  (2969,1040)  (2969,1074)  (2935,1074)  (2865,700)  (2899,700)  (2933,700)  (2967,700)  (3000,734)  (3000,768)  (3000,802)  (2790,1105)  (3001,699)  (3001,904)  (3001,938)  (3001,972)  (3001,1006)  (2901,1106)  (2867,1106)  (2593,785)  (2593,751)  (2593,717)  (2627,698)  (2661,698)  (2763,698)  (2797,698)  (2831,698)  (3002,836)  (3002,870)  (2592,838)  (2695,697)  (2729,697)  (3003,1040)  (3003,1074)  (3003,1108)  (2969,1108)  (2935,1108)  (2578,683)  (2865,666)  (2899,666)  (2933,666)  (2967,666)  (3034,733)  (3034,767)  (3034,801)  (3001,665)  (3035,665)  (3035,699)  (3035,904)  (3035,938)  (3035,972)  (3035,1006)  (2559,776)  (2559,742)  (2612,664)  (2646,664)  (2763,664)  (2797,664)  (2831,664)  (3036,835)  (3036,869)  (2680,663)  (2714,663)  (3037,1040)  (3037,1074)  (3037,1108)  (3037,1142)  (3003,1142)  (2969,1142)  (2935,1142)  (2544,708)  (2544,674)  (2578,649)  (2901,1162)  (2535,640)  (2865,632)  (2899,632)  (2933,632)  (2967,632)  (3068,733)  (3068,767)  (3068,801)  (3001,631)  (3035,631)  (3069,631)  (3069,665)  (3069,699)  (3069,903)  (3069,937)  (3069,971)  (3069,1005)  (2612,630)  (2646,630)  (2748,630)  (2782,630)  (2816,630)  (3070,835)  (3070,869)  (2680,629)  (2714,629)  (3071,1039)  (3071,1073)  (3071,1107)  (3071,1141)  (3071,1175)  (3037,1176)  (3003,1176)  (2969,1176)  (2935,1176)  (2510,726)  (2510,692)  (2569,615)  (2901,1196)  (2501,658)  (2506,606)  (2850,598)  (2884,598)  (2918,598)  (2952,598)  (3102,733)  (3102,767)  (3102,801)  (2986,597)  (3020,597)  (3054,597)  (3088,597)  (3103,631)  (3103,665)  (3103,699)  (3103,903)  (3103,937)  (3103,971)  (3103,1005)  (2603,596)  (2637,596)  (2748,596)  (2782,596)  (2816,596)  (3104,835)  (3104,869)  (3104,1209)  (2671,595)  (2705,595)  (3105,1039)  (3105,1073)  (3105,1107)  (3105,1141)  (3105,1175)  (3070,1210)  (3036,1210)  (3002,1210)  (2968,1210)  (2476,719)  (3122,578)  (2934,1230)  (2900,1230)  (2850,564)  (2884,564)  (2918,564)  (2952,564)  (3136,733)  (3136,767)  (3136,801)  (2986,563)  (3020,563)  (3054,563)  (3088,563)  (3137,612)  (3137,646)  (3137,680)  (3137,903)  (3137,937)  (3137,971)  (3137,1005)  (2610,562)  (2739,562)  (2773,562)  (2807,562)  (3138,835)  (3138,869)  (3138,1209)  (3138,1243)  (3104,1243)  (2644,561)  (2678,561)  (3139,1039)  (3139,1073)  (3139,1107)  (3139,1141)  (3139,1175)  (3070,1244)  (3036,1244)  (3002,1244)  (2968,1244)  (2442,728)  (3122,544)  (3156,544)  (3156,578)  (2934,1264)  (2900,1264)  (2841,530)  (2875,530)  (2909,530)  (2943,530)  (3170,714)  (3170,748)  (3170,782)  (2977,529)  (3011,529)  (3045,529)  (3079,529)  (3171,612)  (3171,646)  (3171,680)  (3171,903)  (3171,937)  (3171,971)  (3171,1005)  (2712,528)  (2746,528)  (2780,528)  (3172,816)  (3172,850)  (3172,1209)  (3172,1243)  (3172,1277)  (3138,1277)  (3104,1277)  (2649,527)  (3173,1039)  (3173,1073)  (3173,1107)  (3173,1141)  (3173,1175)  (3070,1278)  (3036,1278)  (3002,1278)  (2968,1278)  (2408,707)  (3113,510)  (3147,510)  (3181,510)  (3190,544)  (3190,578)  (2814,496)  (2848,496)  (2882,496)  (2916,496)  (3204,714)  (3204,748)  (3204,782)  (2950,495)  (2984,495)  (3018,495)  (3052,495)  (3205,612)  (3205,646)  (3205,680)  (3205,884)  (3205,918)  (3205,952)  (3205,986)  (2683,494)  (2717,494)  (2751,494)  (3206,816)  (3206,850)  (3206,1209)  (3206,1243)  (3206,1277)  (3206,1311)  (3122,1311)  (3207,1020)  (3207,1054)  (3207,1088)  (3207,1122)  (3207,1156)  (3088,1312)  (3054,1312)  (3020,1312)  (2986,1312)  (3215,485)  (3086,476)  (3120,476)  (3154,476)  (3224,519)  (3224,553)  (2785,462)  (2819,462)  (2853,462)  (2887,462)  (3238,714)  (3238,748)  (3238,782)  (2921,461)  (2955,461)  (2989,461)  (3023,461)  (3239,587)  (3239,621)  (3239,655)  (3239,884)  (3239,918)  (3239,952)  (3239,986)  (2686,460)  (2720,460)  (3240,816)  (3240,850)  (3240,1190)  (3240,1224)  (3240,1258)  (3240,1292)  (3240,1326)  (3241,1020)  (3241,1054)  (3241,1088)  (3241,1122)  (3241,1156)  (3048,1346)  (3014,1346)  (2980,1346)  (3188,451)  (3222,451)  (3249,485)  (3256,444)  (3057,442)  (3091,442)  (3125,442)  (3258,519)  (3258,553)  (3269,1360)  (2754,428)  (2788,428)  (2822,428)  (2856,428)  (3272,689)  (3272,723)  (3272,757)  (2890,427)  (2924,427)  (2958,427)  (2992,427)  (3273,587)  (3273,621)  (3273,655)  (3273,884)  (3273,918)  (3273,952)  (3273,986)  (2709,426)  (3274,791)  (3274,825)  (3274,1190)  (3274,1224)  (3274,1258)  (3274,1292)  (3274,1326)  (3275,1020)  (3275,1054)  (3275,1088)  (3275,1122)  (3275,1156)  (3159,417)  (3193,417)  (3283,478)  (3227,410)  (3261,410)  (3290,444)  (3026,408)  (3060,408)  (3094,408)  (3292,512)  (3292,546)  (3295,405)  (3303,1360)  (2743,394)  (2777,394)  (2811,394)  (2845,394)  (3306,689)  (3306,723)  (3306,757)  (2879,393)  (2913,393)  (2947,393)  (2981,393)  (3307,580)  (3307,614)  (3307,648)  (3307,859)  (3307,893)  (3307,927)  (3307,961)  (3308,791)  (3308,825)  (3308,1190)  (3308,1224)  (3308,1258)  (3308,1292)  (3308,1326)  (3309,995)  (3309,1029)  (3309,1063)  (3309,1097)  (3309,1131)  (3128,383)  (3162,383)  (3317,478)  (3196,376)  (3230,376)  (3324,439)  (3015,374)  (3049,374)  (3083,374)  (3326,512)  (3326,546)  (3264,371)  (3298,371)  (3329,405)  (3332,368)  (3335,1394)  (3337,1360)  (2790,360)  (2824,360)  (3340,682)  (3340,716)  (3340,750)  (2858,359)  (2892,359)  (2926,359)  (2960,359)  (3341,580)  (3341,614)  (3341,648)  (3341,859)  (3341,893)  (3341,927)  (3341,961)  (3342,784)  (3342,818)  (3342,1165)  (3342,1199)  (3342,1233)  (3342,1267)  (3342,1301)  (3343,995)  (3343,1029)  (3343,1063)  (3343,1097)  (3343,1131)  (3117,349)  (3151,349)  (3351,473)  (3185,342)  (3219,342)  (3358,439)  (2994,340)  (3028,340)  (3062,340)  (3360,507)  (3360,541)  (3253,337)  (3287,337)  (3363,402)  (3321,334)  (3355,334)  (3366,368)  (3369,1394)  (3371,1335)  (3374,682)  (3374,716)  (3374,750)  (2833,325)  (2867,325)  (2901,325)  (2935,325)  (3375,575)  (3375,609)  (3375,643)  (3375,852)  (3375,886)  (3375,920)  (3375,954)  (3376,784)  (3376,818)  (3376,1165)  (3376,1199)  (3376,1233)  (3376,1267)  (3376,1301)  (3377,988)  (3377,1022)  (3377,1056)  (3377,1090)  (3377,1124)  (3096,315)  (3130,315)  (3385,473)  (3389,311)  (3164,308)  (3198,308)  (3392,436)  (2969,306)  (3003,306)  (3037,306)  (3394,507)  (3394,541)  (3232,303)  (3266,303)  (3397,402)  (3300,300)  (3334,300)  (3400,345)  (3403,1369)  (3403,1403)  (3405,1335)  (3408,677)  (3408,711)  (3408,745)  (2850,291)  (2884,291)  (2918,291)  (3409,575)  (3409,609)  (3409,643)  (3409,852)  (3409,886)  (3409,920)  (3409,954)  (3410,779)  (3410,813)  (3410,1158)  (3410,1192)  (3410,1226)  (3410,1260)  (3410,1294)  (3411,988)  (3411,1022)  (3411,1056)  (3411,1090)  (3411,1124)  (3412,1437)  (3071,281)  (3105,281)  (3419,470)  (3368,277)  (3402,277)  (3423,311)  (3139,274)  (3173,274)  (3426,436)  (2952,272)  (2986,272)  (3020,272)  (3428,504)  (3428,538)  (3207,269)  (3241,269)  (3431,379)  (3275,266)  (3309,266)  (3434,345)  (3436,264)  (3437,1369)  (3437,1403)  (3438,1471)  (3439,1328)  (3442,677)  (3442,711)  (3442,745)  (2871,257)  (2905,257)  (3443,572)  (3443,606)  (3443,640)  (3443,847)  (3443,881)  (3443,915)  (3443,949)  (3444,779)  (3444,813)  (3444,1158)  (3444,1192)  (3444,1226)  (3444,1260)  (3444,1294)  (3445,983)  (3445,1017)  (3445,1051)  (3445,1085)  (3445,1119)  (3446,1437)  (3054,247)  (3088,247)  (3453,470)  (3343,243)  (3377,243)  (3457,298)  (3122,240)  (3156,240)  (3460,413)  (2941,238)  (2975,238)  (3009,238)  (3462,504)  (3462,538)  (3190,235)  (3224,235)  (3258,232)  (3292,232)  (3411,230)  (3445,230)  (3043,213)  (3077,213)  (3326,209)  (3360,209)  (3111,206)  (3145,206)  (2956,204)  (2990,204)  (3179,201)  (3213,201)  (3247,198)  (3281,198)  (3394,196)  (3428,196)  (3462,196)  (3024,179)  (3058,179)  (3315,175)  (3349,175)  (3092,172)  (3126,172)  (2975,170)  (3160,167)  (3194,167)  (3228,164)  (3262,164)  (3383,162)  (3417,162)  (3451,162)  (3009,145)  (3043,145)  (3296,141)  (3330,141)  (3077,138)  (3111,138)  (3145,133)  (3179,133)  (3213,130)  (3247,130)  (3364,128)  (3398,128)  (3432,128)  (3008,111)  (3042,111)  (3281,107)  (3315,107)  (3076,104)  (3110,104)  (3144,99)  (3178,99)  (3212,96)  (3246,96)  (3349,94)  (3383,94)  (3417,94)  (3451,94)  (3024,77)  (3280,73)  (3314,73)  (3058,70)  (3092,70)  (3126,65)  (3160,65)  (3194,62)  (3228,62)  (3348,60)  (3382,60)  (3416,60)  (3450,60)  (3262,39)  (3296,39)  (3081,36)  (3115,31)  (3149,31)  (3183,28)  (3217,28)  (3330,26)  (3364,26)  (3398,26)  (3432,26)  (3251,5)  (3285,5)
Norway  (17,259)  (50,293)  (16,293)  (2,225)  (36,225)  (51,259)  (70,206)  (48,327)  (14,327)  (2,191)  (36,191)  (70,172)  (73,361)  (39,361)  (5,361)  (2,157)  (36,157)  (70,138)  (69,395)  (35,395)  (2,123)  (36,123)  (70,104)  (89,429)  (55,429)  (21,429)  (2,89)  (36,89)  (104,88)  (70,70)  (138,57)  (95,463)  (61,463)  (27,463)  (2,55)  (36,55)  (104,54)  (70,36)  (138,23)  (103,497)  (69,497)  (35,497)  (2,21)  (36,21)  (104,20)  (172,15)  (70,2)  (98,531)  (64,531)  (30,531)  (73,565)  (39,565)  (5,565)  (73,599)  (39,599)  (5,599)
3 Sea Zone  (734,1420)  (700,1453)  (700,1419)  (767,1454)  (734,1386)  (768,1386)  (768,1420)  (698,1385)  (733,1487)  (699,1487)  (666,1453)  (666,1419)  (801,1454)  (801,1488)  (767,1488)  (732,1352)  (766,1352)  (800,1352)  (802,1386)  (802,1420)  (664,1385)  (664,1351)  (698,1351)  (733,1521)  (632,1436)  (830,1522)  (796,1522)  (792,1318)  (630,1402)  (630,1368)  (596,1412)  (596,1378)  (562,1391)
19 Sea Zone  (3273,2974)  (3239,3007)  (3306,3008)  (3276,2940)  (3307,2974)  (3310,2937)  (3272,3041)  (3238,3041)  (3340,3008)  (3340,3042)  (3306,3042)  (3341,2971)  (3344,2920)  (3272,3075)  (3374,3005)  (3374,3039)  (3374,3073)  (3340,3076)  (3306,3076)  (3375,2954)  (3378,2893)  (3405,3107)  (3408,2988)  (3408,3022)  (3408,3056)  (3371,3110)  (3337,3110)  (3303,3110)  (3409,2927)  (3412,2865)  (3419,2828)  (3439,3090)  (3439,3124)  (3405,3141)  (3442,2961)  (3442,2995)  (3442,3029)  (3371,3144)  (3337,3144)  (3303,3144)  (3443,2899)  (3446,2862)  (3453,2806)  (3456,3158)  (3269,3169)  (3422,3175)  (3388,3178)  (3354,3178)  (3320,3178)  (3463,3192)  (3286,3203)  (3429,3209)  (3395,3212)  (3361,3212)  (3327,3212)  (3463,3226)  (3293,3237)  (3429,3243)  (3395,3246)  (3361,3246)  (3327,3246)  (3463,3260)  (3429,3277)  (3395,3280)  (3361,3280)  (3327,3280)  (3463,3294)  (3429,3311)